4
1.003 0.000563063 0.00071509 0 0.25%
0.124563 0.509006 0.00572072 -0.00693228 0.25%
1.00275 0.000563519 0.000713027 1.06071e-05 5.25%
0.202954 0.511726 0.00359407 0.559472 5.25%
1.00273 0.00056354 0.00071304 -8.22196e-08 10.25%
0.228924 0.517495 0.00313324 0.581254 10.25%
1.00273 0.000563538 0.000713038 -2.04072e-07 15.25%
0.239241 0.523359 0.0029939 0.591203 15.25%
1.00273 0.000563536 0.000713037 -7.06058e-08 20.25%
0.244165 0.529284 0.00293035 0.593097 20.25%
1.00273 0.000563536 0.000713037 -4.08537e-08 25.25%
0.245891 0.535226 0.0029087 0.595021 25.25%
1.00273 0.000563535 0.000713037 -2.25236e-08 30.25%
0.246321 0.541182 0.00290315 0.596179 30.25%
1.00273 0.000563535 0.000713037 3.37557e-09 35.25%
0.246208 0.547147 0.00290427 0.596714 35.25%
1.00273 0.000563535 0.000713037 -6.67239e-09 40.25%
0.245943 0.553116 0.00290737 0.596897 40.25%
1.00273 0.000563535 0.000713037 8.00796e-11 45.25%
0.245677 0.559086 0.00291056 0.59702 45.25%
1.00273 0.000563535 0.000713037 -5.94066e-09 50.25%
0.245443 0.565056 0.00291333 0.597003 50.25%
1.00273 0.000563535 0.000713037 -1.50775e-09 55.25%
0.245237 0.571026 0.00291579 0.597011 55.25%
1.00273 0.000563535 0.000713037 -2.32882e-09 60.25%
0.245069 0.576996 0.00291784 0.596999 60.25%
1.00273 0.000563535 0.000713037 1.12859e-09 65.25%
0.244939 0.582966 0.0029194 0.596966 65.25%
1.00273 0.000563535 0.000713037 1.12215e-09 70.25%
0.244813 0.588935 0.00292086 0.596947 70.25%
1.00273 0.000563535 0.000713037 -1.86905e-09 75.25%
0.244707 0.594905 0.00292218 0.596995 75.25%
1.00273 0.000563535 0.000713037 -4.00191e-09 80.25%
0.244626 0.600874 0.00292318 0.59692 80.25%
1.00273 0.000563535 0.000713037 -6.02832e-10 85.25%
0.244545 0.606843 0.0029241 0.596853 85.25%
1.00273 0.000563535 0.000713037 3.17927e-09 90.25%
0.244455 0.612812 0.00292516 0.596883 90.25%
1.00273 0.000563535 0.000713037 1.35986e-09 95.25%
0.244382 0.61878 0.0029261 0.596803 95.25%
FinishIt took me 7400 clicks (7.400000 seconds).
