0 -0.54955 1 0 1 2.5
0.001001 -0.548986 1 0 1 2.5
0.002002 -0.548423 1 0 1 2.5
0.003003 -0.54786 1 0 1 2.5
0.004004 -0.547297 1 0 1 2.5
0.00500501 -0.546734 1 0 1 2.5
0.00600601 -0.546171 1 0 1 2.5
0.00700701 -0.545608 1 0 1 2.5
0.00800801 -0.545045 1 0 1 2.5
0.00900901 -0.544482 1 0 1 2.5
0.01001 -0.543919 1 0 1 2.5
0.011011 -0.543356 1 0 1 2.5
0.012012 -0.542793 1 0 1 2.5
0.013013 -0.54223 1 0 1 2.5
0.014014 -0.541667 1 0 1 2.5
0.015015 -0.541104 1 0 1 2.5
0.016016 -0.540541 1 0 1 2.5
0.017017 -0.539977 1 0 1 2.5
0.018018 -0.539414 1 0 1 2.5
0.019019 -0.538851 1 0 1 2.5
0.02002 -0.538288 1 0 1 2.5
0.021021 -0.537725 1 0 1 2.5
0.022022 -0.537162 1 0 1 2.5
0.023023 -0.536599 1 0 1 2.5
0.024024 -0.536036 1 0 1 2.5
0.025025 -0.535473 1 0 1 2.5
0.026026 -0.53491 1 0 1 2.5
0.027027 -0.534347 1 0 1 2.5
0.028028 -0.533784 1 0 1 2.5
0.029029 -0.533221 1 0 1 2.5
0.03003 -0.532658 1 0 1 2.5
0.031031 -0.532095 1 0 1 2.5
0.032032 -0.531532 1 0 1 2.5
0.033033 -0.530968 1 0 1 2.5
0.034034 -0.530405 1 0 1 2.5
0.035035 -0.529842 1 0 1 2.5
0.036036 -0.529279 1 0 1 2.5
0.037037 -0.528716 1 0 1 2.5
0.038038 -0.528153 1 0 1 2.5
0.039039 -0.52759 1 0 1 2.5
0.04004 -0.527027 1 0 1 2.5
0.041041 -0.526464 1 0 1 2.5
0.042042 -0.525901 1 0 1 2.5
0.043043 -0.525338 1 0 1 2.5
0.044044 -0.524775 1 0 1 2.5
0.045045 -0.524212 1 0 1 2.5
0.046046 -0.523649 1 0 1 2.5
0.047047 -0.523086 1 0 1 2.5
0.048048 -0.522523 1 0 1 2.5
0.049049 -0.521959 1 0 1 2.5
0.0500501 -0.521396 1 0 1 2.5
0.0510511 -0.520833 1 0 1 2.5
0.0520521 -0.52027 1 0 1 2.5
0.0530531 -0.519707 1 0 1 2.5
0.0540541 -0.519144 1 0 1 2.5
0.0550551 -0.518581 1 0 1 2.5
0.0560561 -0.518018 1 0 1 2.5
0.0570571 -0.517455 1 0 1 2.5
0.0580581 -0.516892 1 0 1 2.5
0.0590591 -0.516329 1 0 1 2.5
0.0600601 -0.515766 1 0 1 2.5
0.0610611 -0.515203 1 0 1 2.5
0.0620621 -0.51464 1 0 1 2.5
0.0630631 -0.514077 1 0 1 2.5
0.0640641 -0.513514 1 0 1 2.5
0.0650651 -0.51295 1 0 1 2.5
0.0660661 -0.512387 1 0 1 2.5
0.0670671 -0.511824 1 0 1 2.5
0.0680681 -0.511261 1 0 1 2.5
0.0690691 -0.510698 1 0 1 2.5
0.0700701 -0.510135 1 0 1 2.5
0.0710711 -0.509572 1 0 1 2.5
0.0720721 -0.509009 1 0 1 2.5
0.0730731 -0.508446 1 0 1 2.5
0.0740741 -0.507883 1 0 1 2.5
0.0750751 -0.50732 1 0 1 2.5
0.0760761 -0.506757 1 0 1 2.5
0.0770771 -0.506194 1 0 1 2.5
0.0780781 -0.505631 1 0 1 2.5
0.0790791 -0.505068 1 0 1 2.5
0.0800801 -0.504505 1 0 1 2.5
0.0810811 -0.503941 1 0 1 2.5
0.0820821 -0.503378 1 0 1 2.5
0.0830831 -0.502815 1 0 1 2.5
0.0840841 -0.502252 1 0 1 2.5
0.0850851 -0.501689 1 0 1 2.5
0.0860861 -0.501126 1 0 1 2.5
0.0870871 -0.500563 1 0 1 2.5
0.0880881 -0.499999 1.00258 -4.81713e-09 1.00231 2.49933
0.0890891 -0.499436 1.00288 -5.7378e-09 1.00279 2.49978
0.0900901 -0.498873 1.00297 -9.35636e-09 1.00297 2.5
0.0910911 -0.49831 1.00293 -1.07186e-08 1.00293 2.49999
0.0920921 -0.497747 1.00295 -1.39488e-08 1.00295 2.50001
0.0930931 -0.497184 1.00294 -1.73294e-08 1.00294 2.5
0.0940941 -0.496621 1.00294 -1.90485e-08 1.00294 2.5
0.0950951 -0.496058 1.00294 -2.25338e-08 1.00294 2.5
0.0960961 -0.495495 1.00294 -2.16707e-08 1.00294 2.5
0.0970971 -0.494932 1.00294 -2.17718e-08 1.00294 2.5
0.0980981 -0.494369 1.00294 -2.16666e-08 1.00294 2.5
0.0990991 -0.493806 1.00294 -2.52034e-08 1.00294 2.5
0.1001 -0.493242 1.00294 -2.55868e-08 1.00294 2.5
0.101101 -0.492679 1.00294 -2.67222e-08 1.00294 2.5
0.102102 -0.492116 1.00294 -2.40763e-08 1.00294 2.5
0.103103 -0.491553 1.00294 -2.23275e-08 1.00294 2.5
0.104104 -0.49099 1.00294 -2.96323e-08 1.00294 2.5
0.105105 -0.490427 1.00294 -2.82229e-08 1.00294 2.5
0.106106 -0.489864 1.00294 -3.04689e-08 1.00294 2.5
0.107107 -0.489301 1.00294 -2.74509e-08 1.00294 2.5
0.108108 -0.488738 1.00294 -2.67128e-08 1.00294 2.5
0.109109 -0.488175 1.00294 -3.3812e-08 1.00294 2.5
0.11011 -0.487612 1.00294 -3.25178e-08 1.00294 2.5
0.111111 -0.487049 1.00294 -3.4951e-08 1.00294 2.5
0.112112 -0.486486 1.00294 -3.51823e-08 1.00294 2.5
0.113113 -0.485923 1.00294 -3.78474e-08 1.00294 2.5
0.114114 -0.48536 1.00294 -4.18991e-08 1.00294 2.5
0.115115 -0.484797 1.00294 -4.42162e-08 1.00294 2.5
0.116116 -0.484233 1.00294 -4.66748e-08 1.00294 2.5
0.117117 -0.48367 1.00294 -4.50289e-08 1.00294 2.5
0.118118 -0.483107 1.00294 -5.03183e-08 1.00294 2.5
0.119119 -0.482544 1.00294 -5.48526e-08 1.00294 2.5
0.12012 -0.481981 1.00294 -5.97196e-08 1.00294 2.5
0.121121 -0.481418 1.00294 -5.50699e-08 1.00294 2.5
0.122122 -0.480855 1.00294 -4.81832e-08 1.00294 2.5
0.123123 -0.480292 1.00294 -6.21465e-08 1.00294 2.5
0.124124 -0.479729 1.00294 -6.49045e-08 1.00294 2.5
0.125125 -0.479166 1.00294 -6.25998e-08 1.00294 2.5
0.126126 -0.478603 1.00294 -4.79285e-08 1.00294 2.5
0.127127 -0.47804 1.00294 -4.42633e-08 1.00294 2.5
0.128128 -0.477477 1.00294 -7.26064e-08 1.00294 2.5
0.129129 -0.476914 1.00294 -7.05535e-08 1.00294 2.5
0.13013 -0.476351 1.00294 -5.0773e-08 1.00294 2.5
0.131131 -0.475787 1.00294 -1.16904e-08 1.00294 2.5
0.132132 -0.475224 1.00294 -6.69094e-08 1.00294 2.5
0.133133 -0.474661 1.00294 -8.25192e-08 1.00294 2.5
0.134134 -0.474098 1.00294 -5.44969e-08 1.00294 2.5
0.135135 -0.473535 1.00294 6.00048e-09 1.00294 2.5
0.136136 -0.472972 1.00294 -3.09019e-08 1.00294 2.5
0.137137 -0.472409 1.00294 -9.92322e-08 1.00294 2.5
0.138138 -0.471846 1.00294 -8.51776e-08 1.00294 2.5
0.139139 -0.471283 1.00294 -3.29125e-08 1.00294 2.5
0.14014 -0.47072 1.00294 -7.42181e-09 1.00294 2.5
0.141141 -0.470157 1.00294 -1.37717e-07 1.00294 2.5
0.142142 -0.469594 1.00294 -1.07374e-07 1.00294 2.5
0.143143 -0.469031 1.00294 -8.28107e-08 1.00294 2.5
0.144144 -0.468468 1.00294 -3.70992e-08 1.00294 2.5
0.145145 -0.467905 1.00294 -7.43703e-08 1.00294 2.5
0.146146 -0.467342 1.00294 -1.72688e-07 1.00294 2.5
0.147147 -0.466778 1.00294 -1.27797e-07 1.00294 2.5
0.148148 -0.466215 1.00294 -1.44632e-07 1.00294 2.5
0.149149 -0.465652 1.00294 -7.07723e-08 1.00294 2.5
0.15015 -0.465089 1.00294 -6.00134e-08 1.00294 2.5
0.151151 -0.464526 1.00294 -2.39297e-07 1.00294 2.5
0.152152 -0.463963 1.00294 -1.53501e-07 1.00294 2.5
0.153153 -0.4634 1.00294 -1.31255e-07 1.00294 2.5
0.154154 -0.462837 1.00294 -1.00631e-07 1.00294 2.5
0.155155 -0.462274 1.00294 -9.64069e-08 1.00294 2.5
0.156156 -0.461711 1.00294 -2.09819e-07 1.00294 2.5
0.157157 -0.461148 1.00294 -2.29089e-07 1.00294 2.5
0.158158 -0.460585 1.00294 -2.35734e-07 1.00294 2.5
0.159159 -0.460022 1.00294 -7.44526e-08 1.00294 2.5
0.16016 -0.459459 1.00294 -1.74313e-07 1.00294 2.5
0.161161 -0.458896 1.00294 -3.5947e-07 1.00294 2.5
0.162162 -0.458333 1.00294 -4.54412e-07 1.00294 2.5
0.163163 -0.457769 1.00294 -2.86914e-07 1.00294 2.5
0.164164 -0.457206 1.00294 -1.48944e-07 1.00294 2.5
0.165165 -0.456643 1.00294 -2.21427e-07 1.00294 2.5
0.166166 -0.45608 1.00294 -6.11349e-07 1.00294 2.5
0.167167 -0.455517 1.00294 -4.20381e-07 1.00294 2.5
0.168168 -0.454954 1.00294 -2.94541e-07 1.00294 2.5
0.169169 -0.454391 1.00294 -1.52431e-07 1.00294 2.5
0.17017 -0.453828 1.00294 -7.28326e-07 1.00294 2.5
0.171171 -0.453265 1.00294 -4.94187e-07 1.00294 2.5
0.172172 -0.452702 1.00294 -4.29402e-07 1.00294 2.5
0.173173 -0.452139 1.00294 -2.37433e-07 1.00294 2.5
0.174174 -0.451576 1.00294 -6.17659e-07 1.00294 2.5
0.175175 -0.451013 1.00294 -6.07622e-07 1.00294 2.5
0.176176 -0.45045 1.00294 -6.56689e-07 1.00294 2.5
0.177177 -0.449887 1.00294 -3.43179e-07 1.00294 2.5
0.178178 -0.449324 1.00294 -2.59675e-07 1.00294 2.5
0.179179 -0.44876 1.00294 -8.04138e-07 1.00294 2.5
0.18018 -0.448197 1.00294 -1.00075e-06 1.00294 2.5
0.181181 -0.447634 1.00294 -2.98539e-07 1.00294 2.5
0.182182 -0.447071 1.00294 3.59056e-07 1.00294 2.5
0.183183 -0.446508 1.00294 -1.15128e-06 1.00294 2.5
0.184184 -0.445945 1.00294 -1.24975e-06 1.00294 2.5
0.185185 -0.445382 1.00294 -3.39877e-07 1.00294 2.5
0.186186 -0.444819 1.00294 1.17783e-06 1.00294 2.5
0.187187 -0.444256 1.00294 -7.71508e-07 1.00294 2.5
0.188188 -0.443693 1.00294 -1.57153e-06 1.00294 2.5
0.189189 -0.44313 1.00294 -2.52295e-07 1.00294 2.5
0.19019 -0.442567 1.00294 1.6709e-06 1.00294 2.5
0.191191 -0.442004 1.00294 1.57328e-07 1.00294 2.5
0.192192 -0.441441 1.00294 -1.25333e-06 1.00294 2.5
0.193193 -0.440878 1.00294 2.00485e-07 1.00294 2.5
0.194194 -0.440315 1.00294 1.46508e-06 1.00294 2.5
0.195195 -0.439751 1.00294 1.01274e-06 1.00294 2.5
0.196196 -0.439188 1.00294 2.77609e-07 1.00294 2.5
0.197197 -0.438625 1.00294 1.71183e-06 1.00294 2.5
0.198198 -0.438062 1.00294 1.1631e-06 1.00294 2.5
0.199199 -0.437499 1.00294 1.69417e-06 1.00294 2.5
0.2002 -0.436936 1.00294 2.56881e-06 1.00294 2.5
0.201201 -0.436373 1.00294 3.36995e-06 1.00295 2.5
0.202202 -0.43581 1.00295 3.10299e-06 1.00295 2.50001
0.203203 -0.435247 1.00294 2.98321e-06 1.00295 2.50001
0.204204 -0.434684 1.00294 3.93454e-06 1.00295 2.50001
0.205205 -0.434121 1.00295 5.47789e-06 1.00295 2.50001
0.206206 -0.433558 1.00295 6.63731e-06 1.00295 2.50001
0.207207 -0.432995 1.00295 5.3387e-06 1.00295 2.50001
0.208208 -0.432432 1.00295 5.42376e-06 1.00295 2.50001
0.209209 -0.431869 1.00295 8.63294e-06 1.00296 2.50001
0.21021 -0.431306 1.00295 1.05109e-05 1.00296 2.50001
0.211211 -0.430742 1.00295 8.41877e-06 1.00296 2.50001
0.212212 -0.430179 1.00295 8.32559e-06 1.00296 2.50001
0.213213 -0.429616 1.00296 1.25177e-05 1.00296 2.50002
0.214214 -0.429053 1.00296 1.4619e-05 1.00296 2.50002
0.215215 -0.42849 1.00296 1.23855e-05 1.00296 2.50002
0.216216 -0.427927 1.00296 1.26436e-05 1.00297 2.50002
0.217217 -0.427364 1.00296 1.70001e-05 1.00297 2.50002
0.218218 -0.426801 1.00296 1.87983e-05 1.00297 2.50002
0.219219 -0.426238 1.00296 1.71258e-05 1.00297 2.50002
0.22022 -0.425675 1.00296 1.75192e-05 1.00297 2.50003
0.221221 -0.425112 1.00297 2.13249e-05 1.00298 2.50003
0.222222 -0.424549 1.00297 2.30363e-05 1.00298 2.50003
0.223223 -0.423986 1.00297 2.23507e-05 1.00298 2.50003
0.224224 -0.423423 1.00297 2.21083e-05 1.00298 2.50003
0.225225 -0.42286 1.00297 2.49672e-05 1.00298 2.50003
0.226226 -0.422297 1.00297 2.66981e-05 1.00299 2.50003
0.227227 -0.421734 1.00297 2.67299e-05 1.00299 2.50003
0.228228 -0.421171 1.00297 2.62968e-05 1.00299 2.50003
0.229229 -0.420608 1.00297 2.7689e-05 1.00299 2.50004
0.23023 -0.420045 1.00298 2.87044e-05 1.00299 2.50004
0.231231 -0.419482 1.00298 2.90224e-05 1.00299 2.50004
0.232232 -0.418918 1.00298 2.91933e-05 1.00299 2.50004
0.233233 -0.418355 1.00298 2.92852e-05 1.00299 2.50004
0.234234 -0.417792 1.00298 2.92433e-05 1.00299 2.50004
0.235235 -0.417229 1.00298 2.91691e-05 1.00299 2.50004
0.236236 -0.416666 1.00298 2.8674e-05 1.00299 2.50004
0.237237 -0.416103 1.00298 2.84645e-05 1.00299 2.50004
0.238238 -0.41554 1.00298 2.92082e-05 1.00299 2.50004
0.239239 -0.414977 1.00297 2.76473e-05 1.00299 2.50003
0.24024 -0.414414 1.00297 2.73534e-05 1.00299 2.50003
0.241241 -0.413851 1.00297 2.61733e-05 1.00299 2.50003
0.242242 -0.413288 1.00297 2.71851e-05 1.00298 2.50003
0.243243 -0.412725 1.00297 2.47527e-05 1.00298 2.50003
0.244244 -0.412162 1.00297 2.45998e-05 1.00298 2.50003
0.245245 -0.411599 1.00297 2.28703e-05 1.00298 2.50003
0.246246 -0.411036 1.00297 2.3955e-05 1.00298 2.50003
0.247247 -0.410473 1.00297 2.10683e-05 1.00298 2.50003
0.248248 -0.40991 1.00296 2.08013e-05 1.00297 2.50002
0.249249 -0.409347 1.00296 1.89059e-05 1.00297 2.50002
0.25025 -0.408784 1.00296 1.99959e-05 1.00297 2.50002
0.251251 -0.408221 1.00296 1.69332e-05 1.00297 2.50002
0.252252 -0.407658 1.00296 1.66683e-05 1.00297 2.50002
0.253253 -0.407094 1.00296 1.47121e-05 1.00297 2.50002
0.254254 -0.406531 1.00296 1.57271e-05 1.00296 2.50002
0.255255 -0.405968 1.00296 1.27549e-05 1.00296 2.50002
0.256256 -0.405405 1.00295 1.27912e-05 1.00296 2.50001
0.257257 -0.404842 1.00295 1.08173e-05 1.00296 2.50001
0.258258 -0.404279 1.00295 1.13521e-05 1.00296 2.50001
0.259259 -0.403716 1.00295 9.18703e-06 1.00296 2.50001
0.26026 -0.403153 1.00295 9.15905e-06 1.00295 2.50001
0.261261 -0.40259 1.00295 7.86755e-06 1.00295 2.50001
0.262262 -0.402027 1.00295 7.23795e-06 1.00295 2.50001
0.263263 -0.401464 1.00295 6.59484e-06 1.00295 2.50001
0.264264 -0.400901 1.00295 5.80964e-06 1.00295 2.50001
0.265265 -0.400338 1.00295 5.20906e-06 1.00295 2.50001
0.266266 -0.399775 1.00295 4.66828e-06 1.00295 2.5
0.267267 -0.399212 1.00294 4.03689e-06 1.00295 2.5
0.268268 -0.398649 1.00294 3.67964e-06 1.00295 2.5
0.269269 -0.398086 1.00294 3.1081e-06 1.00295 2.5
0.27027 -0.397523 1.00294 2.83031e-06 1.00294 2.5
0.271271 -0.396959 1.00294 2.38107e-06 1.00294 2.5
0.272272 -0.396396 1.00294 2.11942e-06 1.00294 2.5
0.273273 -0.395833 1.00294 1.81013e-06 1.00294 2.5
0.274274 -0.39527 1.00294 1.55042e-06 1.00294 2.5
0.275275 -0.394707 1.00294 1.3583e-06 1.00294 2.5
0.276276 -0.394144 1.00294 1.11296e-06 1.00294 2.5
0.277277 -0.393581 1.00294 1.00048e-06 1.00294 2.5
0.278278 -0.393018 1.00294 7.87435e-07 1.00294 2.5
0.279279 -0.392455 1.00294 7.20647e-07 1.00294 2.5
0.28028 -0.391892 1.00294 5.50676e-07 1.00294 2.5
0.281281 -0.391329 1.00294 5.06751e-07 1.00294 2.5
0.282282 -0.390766 1.00294 3.8091e-07 1.00294 2.5
0.283283 -0.390203 1.00294 3.47935e-07 1.00294 2.5
0.284284 -0.38964 1.00294 2.60292e-07 1.00294 2.5
0.285285 -0.389077 1.00294 2.33583e-07 1.00294 2.5
0.286286 -0.388514 1.00294 1.75308e-07 1.00294 2.5
0.287287 -0.38795 1.00294 1.53624e-07 1.00294 2.5
0.288288 -0.387387 1.00294 1.16084e-07 1.00294 2.5
0.289289 -0.386824 1.00294 9.91577e-08 1.00294 2.5
0.29029 -0.386261 1.00294 7.54273e-08 1.00294 2.5
0.291291 -0.385698 1.00294 6.28921e-08 1.00294 2.5
0.292292 -0.385135 1.00294 4.80368e-08 1.00294 2.5
0.293293 -0.384572 1.00294 3.92227e-08 1.00294 2.5
0.294294 -0.384009 1.00294 2.99729e-08 1.00294 2.5
0.295295 -0.383446 1.00294 2.4053e-08 1.00294 2.5
0.296296 -0.382883 1.00294 1.83257e-08 1.00294 2.5
0.297297 -0.38232 1.00294 1.44981e-08 1.00294 2.5
0.298298 -0.381757 1.00294 1.09853e-08 1.00294 2.5
0.299299 -0.381194 1.00294 8.58377e-09 1.00294 2.5
0.3003 -0.380631 1.00294 6.46081e-09 1.00294 2.5
0.301301 -0.380068 1.00294 4.98888e-09 1.00294 2.5
0.302302 -0.379505 1.00294 3.72993e-09 1.00294 2.5
0.303303 -0.378941 1.00294 2.84573e-09 1.00294 2.5
0.304304 -0.378378 1.00294 2.11374e-09 1.00294 2.5
0.305305 -0.377815 1.00294 1.59381e-09 1.00294 2.5
0.306306 -0.377252 1.00294 1.17514e-09 1.00294 2.5
0.307307 -0.376689 1.00294 8.77173e-10 1.00294 2.5
0.308308 -0.376126 1.00294 6.40555e-10 1.00294 2.5
0.309309 -0.375563 1.00294 4.74652e-10 1.00294 2.5
0.31031 -0.375 1.00294 3.42357e-10 1.00294 2.5
0.311311 -0.374437 1.00294 2.52401e-10 1.00294 2.5
0.312312 -0.373874 1.00294 1.79627e-10 1.00294 2.5
0.313313 -0.373311 1.00294 1.31814e-10 1.00294 2.5
0.314314 -0.372748 1.00294 9.25572e-11 1.00294 2.5
0.315315 -0.372185 1.00294 6.76023e-11 1.00294 2.5
0.316316 -0.371622 1.00294 4.68386e-11 1.00294 2.5
0.317317 -0.371059 1.00294 3.40912e-11 1.00294 2.5
0.318318 -0.370495 1.00294 2.32162e-11 1.00294 2.5
0.319319 -0.369932 1.00294 1.69639e-11 1.00294 2.5
0.32032 -0.369369 1.00294 1.1298e-11 1.00294 2.5
0.321321 -0.368806 1.00294 8.26965e-12 1.00294 2.5
0.322322 -0.368243 1.00294 5.37467e-12 1.00294 2.5
0.323323 -0.36768 1.00294 3.99281e-12 1.00294 2.5
0.324324 -0.367117 1.00294 2.49096e-12 1.00294 2.5
0.325325 -0.366554 1.00294 1.92019e-12 1.00294 2.5
0.326326 -0.365991 1.00294 1.13029e-12 1.00294 2.5
0.327327 -0.365428 1.00294 9.17241e-13 1.00294 2.5
0.328328 -0.364865 1.00294 4.75418e-13 1.00294 2.5
0.329329 -0.364302 1.00294 4.06968e-13 1.00294 2.5
0.33033 -0.363739 1.00294 2.5393e-13 1.00294 2.5
0.331331 -0.363176 1.00294 1.79927e-13 1.00294 2.5
0.332332 -0.362613 1.00294 1.05909e-13 1.00294 2.5
0.333333 -0.36205 1.00294 9.38952e-14 1.00294 2.5
0.334334 -0.361486 1.00294 6.82597e-14 1.00294 2.5
0.335335 -0.360923 1.00294 1.0928e-14 1.00294 2.5
0.336336 -0.36036 1.00294 3.37497e-15 1.00294 2.5
0.337337 -0.359797 1.00294 6.52063e-15 1.00294 2.5
0.338338 -0.359234 1.00294 8.95932e-15 1.00294 2.5
0.339339 -0.358671 1.00294 1.30643e-14 1.00294 2.5
0.34034 -0.358108 1.00294 1.62676e-14 1.00294 2.5
0.341341 -0.357545 1.00294 8.13285e-15 1.00294 2.5
0.342342 -0.356982 1.00294 7.51449e-15 1.00294 2.5
0.343343 -0.356419 1.00294 3.90838e-15 1.00294 2.5
0.344344 -0.355856 1.00294 4.67748e-15 1.00294 2.5
0.345345 -0.355293 1.00294 2.89038e-15 1.00294 2.5
0.346346 -0.35473 1.00294 3.38574e-15 1.00294 2.5
0.347347 -0.354167 1.00294 2.46305e-15 1.00294 2.5
0.348348 -0.353604 1.00294 3.25391e-15 1.00294 2.5
0.349349 -0.353041 1.00294 2.58555e-15 1.00294 2.5
0.35035 -0.352477 1.00294 3.10055e-15 1.00294 2.5
0.351351 -0.351914 1.00294 2.3289e-15 1.00294 2.5
0.352352 -0.351351 1.00294 2.84693e-15 1.00294 2.5
0.353353 -0.350788 1.00294 1.03239e-15 1.00294 2.5
0.354354 -0.350225 1.00294 5.04288e-15 1.00294 2.5
0.355355 -0.349662 1.00294 -7.25711e-15 1.00294 2.5
0.356356 -0.349099 1.00294 -3.92361e-14 1.00294 2.5
0.357357 -0.348536 1.00294 -6.06723e-15 1.00294 2.5
0.358358 -0.347973 1.00294 1.23746e-14 1.00294 2.5
0.359359 -0.34741 1.00294 9.62225e-15 1.00294 2.5
0.36036 -0.346847 1.00294 7.77681e-15 1.00294 2.5
0.361361 -0.346284 1.00294 4.54756e-15 1.00294 2.5
0.362362 -0.345721 1.00294 2.49968e-15 1.00294 2.5
0.363363 -0.345158 1.00294 5.41458e-16 1.00294 2.5
0.364364 -0.344595 1.00294 1.9854e-15 1.00294 2.5
0.365365 -0.344032 1.00294 2.44919e-16 1.00294 2.5
0.366366 -0.343468 1.00294 1.56925e-15 1.00294 2.5
0.367367 -0.342905 1.00294 1.02164e-15 1.00294 2.5
0.368368 -0.342342 1.00294 1.20742e-15 1.00294 2.5
0.369369 -0.341779 1.00294 5.88628e-16 1.00294 2.5
0.37037 -0.341216 1.00294 1.36428e-15 1.00294 2.5
0.371371 -0.340653 1.00294 8.59131e-16 1.00294 2.5
0.372372 -0.34009 1.00294 1.17854e-15 1.00294 2.5
0.373373 -0.339527 1.00294 8.32228e-16 1.00294 2.5
0.374374 -0.338964 1.00294 5.29393e-16 1.00294 2.5
0.375375 -0.338401 1.00294 7.18034e-16 1.00294 2.5
0.376376 -0.337838 1.00294 2.22404e-16 1.00294 2.5
0.377377 -0.337275 1.00294 1.37352e-16 1.00294 2.5
0.378378 -0.336712 1.00294 -5.73007e-16 1.00294 2.5
0.379379 -0.336149 1.00294 6.97532e-16 1.00294 2.5
0.38038 -0.335586 1.00294 -3.5072e-16 1.00294 2.5
0.381381 -0.335023 1.00294 1.40565e-15 1.00294 2.5
0.382382 -0.334459 1.00294 -2.07088e-16 1.00294 2.5
0.383383 -0.333896 1.00294 1.48781e-15 1.00294 2.5
0.384384 -0.333333 1.00294 -1.26589e-15 1.00294 2.5
0.385385 -0.33277 1.00294 1.70888e-15 1.00294 2.5
0.386386 -0.332207 1.00294 -1.33824e-15 1.00294 2.5
0.387387 -0.331644 1.00294 2.31495e-15 1.00294 2.5
0.388388 -0.331081 1.00294 -1.34386e-15 1.00294 2.5
0.389389 -0.330518 1.00294 2.09712e-15 1.00294 2.5
0.39039 -0.329955 1.00294 -1.13747e-15 1.00294 2.5
0.391391 -0.329392 1.00294 2.14881e-15 1.00294 2.5
0.392392 -0.328829 1.00294 -4.64625e-16 1.00294 2.5
0.393393 -0.328266 1.00294 1.35188e-15 1.00294 2.5
0.394394 -0.327703 1.00294 -5.87803e-16 1.00294 2.5
0.395395 -0.32714 1.00294 1.15886e-15 1.00294 2.5
0.396396 -0.326577 1.00294 5.0017e-16 1.00294 2.5
0.397397 -0.326014 1.00294 4.45454e-16 1.00294 2.5
0.398398 -0.32545 1.00294 -4.21457e-17 1.00294 2.5
0.399399 -0.324887 1.00294 3.87097e-16 1.00294 2.5
0.4004 -0.324324 1.00294 -1.12556e-16 1.00294 2.5
0.401401 -0.323761 1.00294 -1.38623e-16 1.00294 2.5
0.402402 -0.323198 1.00294 -3.68166e-16 1.00294 2.5
0.403403 -0.322635 1.00294 -5.00738e-16 1.00294 2.5
0.404404 -0.322072 1.00294 1.59248e-15 1.00294 2.5
0.405405 -0.321509 1.00294 -9.44229e-15 1.00294 2.5
0.406406 -0.320946 1.00294 -4.22694e-14 1.00294 2.5
0.407407 -0.320383 1.00294 -7.62094e-15 1.00294 2.5
0.408408 -0.31982 1.00294 8.66809e-15 1.00294 2.5
0.409409 -0.319257 1.00294 1.18988e-14 1.00294 2.5
0.41041 -0.318694 1.00294 -1.41916e-15 1.00294 2.5
0.411411 -0.318131 1.00294 -4.70645e-14 1.00294 2.5
0.412412 -0.317568 1.00294 -3.43786e-14 1.00294 2.5
0.413413 -0.317005 1.00294 -1.82422e-15 1.00294 2.5
0.414414 -0.316441 1.00294 5.2153e-14 1.00294 2.5
0.415415 -0.315878 1.00294 4.15819e-14 1.00294 2.5
0.416416 -0.315315 1.00294 -6.39787e-14 1.00294 2.5
0.417417 -0.314752 1.00294 -1.65677e-14 1.00294 2.5
0.418418 -0.314189 1.00294 -3.75793e-16 1.00294 2.5
0.419419 -0.313626 1.00294 3.74347e-15 1.00294 2.5
0.42042 -0.313063 1.00294 5.82574e-15 1.00294 2.5
0.421421 -0.3125 1.00294 3.09227e-15 1.00294 2.5
0.422422 -0.311937 1.00294 -9.31819e-15 1.00294 2.5
0.423423 -0.311374 1.00294 -4.2755e-14 1.00294 2.5
0.424424 -0.310811 1.00294 -7.48735e-15 1.00294 2.5
0.425425 -0.310248 1.00294 5.26343e-15 1.00294 2.5
0.426426 -0.309685 1.00294 1.11708e-14 1.00294 2.5
0.427427 -0.309122 1.00294 2.4819e-15 1.00294 2.5
0.428428 -0.308559 1.00294 4.39975e-15 1.00294 2.5
0.429429 -0.307995 1.00294 -9.64909e-15 1.00294 2.5
0.43043 -0.307432 1.00294 -4.08256e-14 1.00294 2.5
0.431431 -0.306869 1.00294 -7.60809e-15 1.00294 2.5
0.432432 -0.306306 1.00294 7.2486e-15 1.00294 2.5
0.433433 -0.305743 1.00294 1.14501e-14 1.00294 2.5
0.434434 -0.30518 1.00294 3.21217e-15 1.00294 2.5
0.435435 -0.304617 1.00294 3.69029e-15 1.00294 2.5
0.436436 -0.304054 1.00294 2.11725e-16 1.00294 2.5
0.437437 -0.303491 1.00294 8.88434e-16 1.00294 2.5
0.438438 -0.302928 1.00294 -9.6498e-16 1.00294 2.5
0.439439 -0.302365 1.00294 2.0761e-17 1.00294 2.5
0.44044 -0.301802 1.00294 -1.74818e-15 1.00294 2.5
0.441441 -0.301239 1.00294 3.26353e-16 1.00294 2.5
0.442442 -0.300676 1.00294 -2.56559e-15 1.00294 2.5
0.443443 -0.300113 1.00294 9.95612e-16 1.00294 2.5
0.444444 -0.29955 1.00294 -2.47668e-15 1.00294 2.5
0.445445 -0.298986 1.00294 1.38458e-15 1.00294 2.5
0.446446 -0.298423 1.00294 -2.62944e-15 1.00294 2.5
0.447447 -0.29786 1.00294 1.43946e-15 1.00294 2.5
0.448448 -0.297297 1.00294 -4.36993e-16 1.00294 2.5
0.449449 -0.296734 1.00294 -8.34658e-15 1.00294 2.5
0.45045 -0.296171 1.00294 -4.35981e-14 1.00294 2.5
0.451451 -0.295608 1.00294 -7.13607e-15 1.00294 2.5
0.452452 -0.295045 1.00294 6.02513e-15 1.00294 2.5
0.453453 -0.294482 1.00294 1.17131e-14 1.00294 2.5
0.454454 -0.293919 1.00294 1.63134e-15 1.00294 2.5
0.455455 -0.293356 1.00294 1.8581e-15 1.00294 2.5
0.456456 -0.292793 1.00294 -1.30923e-15 1.00294 2.5
0.457457 -0.29223 1.00294 -7.31557e-16 1.00294 2.5
0.458458 -0.291667 1.00294 -2.28719e-15 1.00294 2.5
0.459459 -0.291104 1.00294 -1.86544e-15 1.00294 2.5
0.46046 -0.290541 1.00294 -3.3601e-15 1.00294 2.5
0.461461 -0.289977 1.00294 -3.26977e-15 1.00294 2.5
0.462462 -0.289414 1.00294 -4.48317e-15 1.00294 2.5
0.463463 -0.288851 1.00294 -4.13669e-15 1.00294 2.5
0.464464 -0.288288 1.00294 -6.08676e-15 1.00294 2.5
0.465465 -0.287725 1.00294 -4.36602e-15 1.00294 2.5
0.466466 -0.287162 1.00294 -7.2286e-15 1.00294 2.5
0.467467 -0.286599 1.00294 -3.69801e-15 1.00294 2.5
0.468468 -0.286036 1.00294 -6.97273e-15 1.00294 2.5
0.469469 -0.285473 1.00294 -2.21275e-15 1.00294 2.5
0.47047 -0.28491 1.00294 -5.50265e-15 1.00294 2.5
0.471471 -0.284347 1.00294 -1.15673e-15 1.00294 2.5
0.472472 -0.283784 1.00294 -5.01455e-15 1.00294 2.5
0.473473 -0.283221 1.00294 -1.91272e-15 1.00294 2.5
0.474474 -0.282658 1.00294 -4.74824e-15 1.00294 2.5
0.475475 -0.282095 1.00294 -2.19769e-15 1.00294 2.5
0.476476 -0.281532 1.00294 -3.17818e-15 1.00294 2.5
0.477477 -0.280968 1.00294 -2.95146e-15 1.00294 2.5
0.478478 -0.280405 1.00294 -3.84713e-15 1.00294 2.5
0.479479 -0.279842 1.00294 -2.5828e-15 1.00294 2.5
0.48048 -0.279279 1.00294 -3.8242e-15 1.00294 2.5
0.481481 -0.278716 1.00294 -3.54617e-15 1.00294 2.5
0.482482 -0.278153 1.00294 -3.88421e-15 1.00294 2.5
0.483483 -0.27759 1.00294 -4.29879e-15 1.00294 2.5
0.484484 -0.277027 1.00294 -3.88764e-15 1.00294 2.5
0.485485 -0.276464 1.00294 -4.40391e-15 1.00294 2.5
0.486486 -0.275901 1.00294 -4.79661e-15 1.00294 2.5
0.487487 -0.275338 1.00294 -5.13208e-15 1.00294 2.5
0.488488 -0.274775 1.00294 -5.18401e-15 1.00294 2.5
0.489489 -0.274212 1.00294 -5.65091e-15 1.00294 2.5
0.49049 -0.273649 1.00294 -5.23059e-15 1.00294 2.5
0.491491 -0.273086 1.00294 -5.72331e-15 1.00294 2.5
0.492492 -0.272523 1.00294 -4.50284e-15 1.00294 2.5
0.493493 -0.271959 1.00294 -4.56496e-15 1.00294 2.5
0.494494 -0.271396 1.00294 -1.13348e-14 1.00294 2.5
0.495495 -0.270833 1.00294 -4.67019e-14 1.00294 2.5
0.496496 -0.27027 1.00294 -1.1205e-14 1.00294 2.5
0.497497 -0.269707 1.00294 3.71174e-15 1.00294 2.5
0.498498 -0.269144 1.00294 4.07775e-14 1.00294 2.5
0.499499 -0.268581 1.00294 -1.54572e-14 1.00294 2.5
0.500501 -0.268018 1.00294 -4.60931e-14 1.00294 2.5
0.501502 -0.267455 1.00294 -2.18544e-14 1.00294 2.5
0.502503 -0.266892 1.00294 1.70498e-14 1.00294 2.5
0.503504 -0.266329 1.00294 4.82986e-14 1.00294 2.5
0.504505 -0.265766 1.00294 -2.98231e-14 1.00294 2.5
0.505506 -0.265203 1.00294 -5.96731e-14 1.00294 2.5
0.506507 -0.26464 1.00294 -7.32144e-15 1.00294 2.5
0.507508 -0.264077 1.00294 3.14069e-14 1.00294 2.5
0.508509 -0.263514 1.00294 1.13993e-14 1.00294 2.5
0.50951 -0.26295 1.00294 -1.50603e-14 1.00294 2.5
0.510511 -0.262387 1.00294 -4.6158e-14 1.00294 2.5
0.511512 -0.261824 1.00294 -1.15271e-14 1.00294 2.5
0.512513 -0.261261 1.00294 1.19874e-14 1.00294 2.5
0.513514 -0.260698 1.00294 3.48712e-14 1.00294 2.5
0.514515 -0.260135 1.00294 -4.39956e-14 1.00294 2.5
0.515516 -0.259572 1.00294 -4.16087e-15 1.00294 2.5
0.516517 -0.259009 1.00294 6.34893e-15 1.00294 2.5
0.517518 -0.258446 1.00294 1.44071e-14 1.00294 2.5
0.518519 -0.257883 1.00294 1.00906e-14 1.00294 2.5
0.51952 -0.25732 1.00294 7.31055e-15 1.00294 2.5
0.520521 -0.256757 1.00294 5.15777e-15 1.00294 2.5
0.521522 -0.256194 1.00294 1.76082e-15 1.00294 2.5
0.522523 -0.255631 1.00294 -7.15815e-15 1.00294 2.5
0.523524 -0.255068 1.00294 -8.18993e-15 1.00294 2.5
0.524525 -0.254505 1.00294 3.44212e-14 1.00294 2.5
0.525526 -0.253941 1.00294 4.8669e-15 1.00294 2.5
0.526527 -0.253378 1.00294 -3.76286e-14 1.00294 2.5
0.527528 -0.252815 1.00294 -1.63966e-14 1.00294 2.5
0.528529 -0.252252 1.00294 1.05829e-14 1.00294 2.5
0.52953 -0.251689 1.00294 -1.07398e-15 1.00294 2.5
0.530531 -0.251126 1.00294 3.78895e-15 1.00294 2.5
0.531532 -0.250563 1.00294 -1.14631e-14 1.00294 2.5
0.532533 -0.25 1.00294 1.04499e-14 1.00294 2.5
0.533534 -0.249437 1.00294 -1.51917e-14 1.00294 2.5
0.534535 -0.248874 1.00294 1.5209e-14 1.00294 2.5
0.535536 -0.248311 1.00294 4.14693e-15 1.00294 2.5
0.536537 -0.247748 1.00294 -2.98569e-14 1.00294 2.5
0.537538 -0.247185 1.00294 -9.03763e-15 1.00294 2.5
0.538539 -0.246622 1.00294 -5.53059e-14 1.00294 2.5
0.53954 -0.246059 1.00294 -1.55282e-14 1.00294 2.5
0.540541 -0.245495 1.00294 4.65296e-14 1.00294 2.5
0.541542 -0.244932 1.00294 -2.53757e-14 1.00294 2.5
0.542543 -0.244369 1.00294 -5.43086e-14 1.00294 2.5
0.543544 -0.243806 1.00294 3.64798e-14 1.00294 2.5
0.544545 -0.243243 1.00294 3.09122e-14 1.00294 2.5
0.545546 -0.24268 1.00294 1.02245e-14 1.00294 2.5
0.546547 -0.242117 1.00294 -7.20899e-14 1.00294 2.5
0.547548 -0.241554 1.00294 5.42999e-14 1.00294 2.5
0.548549 -0.240991 1.00294 1.5208e-14 1.00294 2.5
0.54955 -0.240428 1.00294 -6.11752e-14 1.00294 2.5
0.550551 -0.239865 1.00294 -1.14861e-14 1.00294 2.5
0.551552 -0.239302 1.00294 2.30812e-14 1.00294 2.5
0.552553 -0.238739 1.00294 -2.84985e-14 1.00294 2.5
0.553554 -0.238176 1.00294 4.33564e-14 1.00294 2.5
0.554555 -0.237613 1.00294 -2.88006e-14 1.00294 2.5
0.555556 -0.23705 1.00294 -7.39756e-15 1.00294 2.5
0.556557 -0.236486 1.00294 -1.08508e-14 1.00294 2.5
0.557558 -0.235923 1.00294 9.48199e-15 1.00294 2.5
0.558559 -0.23536 1.00294 3.01258e-14 1.00294 2.5
0.55956 -0.234797 1.00294 -8.0641e-14 1.00294 2.5
0.560561 -0.234234 1.00294 3.20143e-15 1.00294 2.5
0.561562 -0.233671 1.00294 7.00312e-14 1.00294 2.5
0.562563 -0.233108 1.00294 -5.01024e-15 1.00294 2.5
0.563564 -0.232545 1.00294 2.18701e-14 1.00294 2.5
0.564565 -0.231982 1.00294 -1.76063e-14 1.00294 2.5
0.565566 -0.231419 1.00294 -6.60725e-14 1.00294 2.5
0.566567 -0.230856 1.00294 1.65405e-14 1.00294 2.5
0.567568 -0.230293 1.00294 -2.15534e-14 1.00294 2.5
0.568569 -0.22973 1.00294 -1.21108e-14 1.00294 2.5
0.56957 -0.229167 1.00294 -7.93445e-15 1.00294 2.5
0.570571 -0.228604 1.00294 -1.976e-15 1.00294 2.5
0.571572 -0.228041 1.00294 -6.99384e-15 1.00294 2.5
0.572573 -0.227477 1.00294 1.00152e-15 1.00294 2.5
0.573574 -0.226914 1.00294 -5.2448e-15 1.00294 2.5
0.574575 -0.226351 1.00294 3.8126e-15 1.00294 2.5
0.575576 -0.225788 1.00294 -5.62075e-15 1.00294 2.5
0.576577 -0.225225 1.00294 7.43496e-15 1.00294 2.5
0.577578 -0.224662 1.00294 -5.99947e-15 1.00294 2.5
0.578579 -0.224099 1.00294 2.18704e-15 1.00294 2.5
0.57958 -0.223536 1.00294 -4.07292e-15 1.00294 2.5
0.580581 -0.222973 1.00294 -8.92168e-15 1.00294 2.5
0.581582 -0.22241 1.00294 2.76463e-14 1.00294 2.5
0.582583 -0.221847 1.00294 -2.66799e-14 1.00294 2.5
0.583584 -0.221284 1.00294 1.07536e-14 1.00294 2.5
0.584585 -0.220721 1.00294 -1.00087e-14 1.00294 2.5
0.585586 -0.220158 1.00294 -1.5913e-14 1.00294 2.5
0.586587 -0.219595 1.00294 -2.93257e-14 1.00294 2.5
0.587588 -0.219032 1.00294 -3.33841e-14 1.00294 2.5
0.588589 -0.218468 1.00294 -1.84013e-14 1.00294 2.5
0.58959 -0.217905 1.00294 9.25545e-14 1.00294 2.5
0.590591 -0.217342 1.00294 -1.54141e-14 1.00294 2.5
0.591592 -0.216779 1.00294 -1.06711e-13 1.00294 2.5
0.592593 -0.216216 1.00294 -9.3653e-14 1.00294 2.5
0.593594 -0.215653 1.00294 1.44532e-13 1.00294 2.5
0.594595 -0.21509 1.00294 3.58594e-14 1.00294 2.5
0.595596 -0.214527 1.00294 -6.04778e-14 1.00294 2.5
0.596597 -0.213964 1.00294 -5.5103e-14 1.00294 2.5
0.597598 -0.213401 1.00294 -5.58528e-14 1.00294 2.5
0.598599 -0.212838 1.00294 1.06895e-13 1.00294 2.5
0.5996 -0.212275 1.00294 6.90617e-14 1.00294 2.5
0.600601 -0.211712 1.00294 -1.30147e-13 1.00294 2.5
0.601602 -0.211149 1.00294 -6.55874e-14 1.00294 2.5
0.602603 -0.210586 1.00294 4.31781e-14 1.00294 2.5
0.603604 -0.210023 1.00294 1.48027e-13 1.00294 2.5
0.604605 -0.209459 1.00294 -8.23092e-14 1.00294 2.5
0.605606 -0.208896 1.00294 7.17828e-15 1.00294 2.5
0.606607 -0.208333 1.00294 1.25829e-14 1.00294 2.5
0.607608 -0.20777 1.00294 -1.74358e-14 1.00294 2.5
0.608609 -0.207207 1.00294 9.16648e-15 1.00294 2.5
0.60961 -0.206644 1.00294 1.03741e-14 1.00294 2.5
0.610611 -0.206081 1.00294 -2.77403e-14 1.00294 2.5
0.611612 -0.205518 1.00294 -3.02471e-14 1.00294 2.5
0.612613 -0.204955 1.00294 7.35125e-14 1.00294 2.5
0.613614 -0.204392 1.00294 -6.74346e-15 1.00294 2.5
0.614615 -0.203829 1.00294 -3.60232e-14 1.00294 2.5
0.615616 -0.203266 1.00294 3.88944e-15 1.00294 2.5
0.616617 -0.202703 1.00294 1.42331e-15 1.00294 2.5
0.617618 -0.20214 1.00294 -6.56427e-15 1.00294 2.5
0.618619 -0.201577 1.00294 4.47487e-16 1.00294 2.5
0.61962 -0.201014 1.00294 -1.18135e-14 1.00294 2.5
0.620621 -0.20045 1.00294 -1.28896e-15 1.00294 2.5
0.621622 -0.199887 1.00294 -1.24125e-14 1.00294 2.5
0.622623 -0.199324 1.00294 -5.13892e-15 1.00294 2.5
0.623624 -0.198761 1.00294 -1.12917e-14 1.00294 2.5
0.624625 -0.198198 1.00294 -6.49733e-15 1.00294 2.5
0.625626 -0.197635 1.00294 -7.82559e-15 1.00294 2.5
0.626627 -0.197072 1.00294 -6.65245e-15 1.00294 2.5
0.627628 -0.196509 1.00294 -6.93297e-15 1.00294 2.5
0.628629 -0.195946 1.00294 -6.03904e-15 1.00294 2.5
0.62963 -0.195383 1.00294 -1.05745e-15 1.00294 2.5
0.630631 -0.19482 1.00294 -8.30909e-15 1.00294 2.5
0.631632 -0.194257 1.00294 -3.66637e-15 1.00294 2.5
0.632633 -0.193694 1.00294 3.51756e-15 1.00294 2.5
0.633634 -0.193131 1.00294 -1.44999e-14 1.00294 2.5
0.634635 -0.192568 1.00294 -6.56654e-15 1.00294 2.5
0.635636 -0.192005 1.00294 8.40022e-17 1.00294 2.5
0.636637 -0.191441 1.00294 -1.1565e-14 1.00294 2.5
0.637638 -0.190878 1.00294 -2.92272e-15 1.00294 2.5
0.638639 -0.190315 1.00294 4.91567e-14 1.00294 2.5
0.63964 -0.189752 1.00294 -3.43277e-14 1.00294 2.5
0.640641 -0.189189 1.00294 -6.97103e-14 1.00294 2.5
0.641642 -0.188626 1.00294 2.19876e-14 1.00294 2.5
0.642643 -0.188063 1.00294 7.21467e-14 1.00294 2.5
0.643644 -0.1875 1.00294 -4.07257e-14 1.00294 2.5
0.644645 -0.186937 1.00294 5.62863e-15 1.00294 2.5
0.645646 -0.186374 1.00294 1.42957e-15 1.00294 2.5
0.646647 -0.185811 1.00294 4.86715e-14 1.00294 2.5
0.647648 -0.185248 1.00294 -4.77333e-14 1.00294 2.5
0.648649 -0.184685 1.00294 1.06381e-14 1.00294 2.5
0.64965 -0.184122 1.00294 4.87207e-14 1.00294 2.5
0.650651 -0.183559 1.00294 -2.74397e-14 1.00294 2.5
0.651652 -0.182995 1.00294 -9.11628e-14 1.00294 2.5
0.652653 -0.182432 1.00294 1.97537e-14 1.00294 2.5
0.653654 -0.181869 1.00294 2.83598e-14 1.00294 2.5
0.654655 -0.181306 1.00294 -1.65665e-14 1.00294 2.5
0.655656 -0.180743 1.00294 -2.62384e-14 1.00294 2.5
0.656657 -0.18018 1.00294 -8.11185e-15 1.00294 2.5
0.657658 -0.179617 1.00294 3.36468e-14 1.00294 2.5
0.658659 -0.179054 1.00294 4.35702e-14 1.00294 2.5
0.65966 -0.178491 1.00294 -4.73823e-14 1.00294 2.5
0.660661 -0.177928 1.00294 2.00933e-14 1.00294 2.5
0.661662 -0.177365 1.00294 -1.54462e-14 1.00294 2.5
0.662663 -0.176802 1.00294 1.28807e-14 1.00294 2.5
0.663664 -0.176239 1.00294 -1.67628e-14 1.00294 2.5
0.664665 -0.175676 1.00294 -2.32932e-14 1.00294 2.5
0.665666 -0.175113 1.00294 1.7757e-14 1.00294 2.5
0.666667 -0.17455 1.00294 -2.40709e-14 1.00294 2.5
0.667668 -0.173986 1.00294 3.74244e-14 1.00294 2.5
0.668669 -0.173423 1.00294 1.20175e-15 1.00294 2.5
0.66967 -0.17286 1.00294 8.99627e-15 1.00294 2.5
0.670671 -0.172297 1.00294 4.56244e-15 1.00294 2.5
0.671672 -0.171734 1.00294 1.00334e-14 1.00294 2.5
0.672673 -0.171171 1.00294 3.04491e-14 1.00294 2.5
0.673674 -0.170608 1.00294 -6.47134e-15 1.00294 2.5
0.674675 -0.170045 1.00294 -1.01809e-13 1.00294 2.5
0.675676 -0.169482 1.00294 2.57421e-14 1.00294 2.5
0.676677 -0.168919 1.00294 8.04902e-14 1.00294 2.5
0.677678 -0.168356 1.00294 -1.58807e-14 1.00294 2.5
0.678679 -0.167793 1.00294 -3.49296e-14 1.00294 2.5
0.67968 -0.16723 1.00294 3.43012e-15 1.00294 2.5
0.680681 -0.166667 1.00294 -8.17832e-15 1.00294 2.5
0.681682 -0.166104 1.00294 5.60927e-16 1.00294 2.5
0.682683 -0.165541 1.00294 -6.2831e-15 1.00294 2.5
0.683684 -0.164977 1.00294 2.73668e-15 1.00294 2.5
0.684685 -0.164414 1.00294 -9.35182e-16 1.00294 2.5
0.685686 -0.163851 1.00294 3.40341e-15 1.00294 2.5
0.686687 -0.163288 1.00294 3.55185e-16 1.00294 2.5
0.687688 -0.162725 1.00294 4.55367e-15 1.00294 2.5
0.688689 -0.162162 1.00294 -1.97149e-15 1.00294 2.5
0.68969 -0.161599 1.00294 9.1977e-15 1.00294 2.5
0.690691 -0.161036 1.00294 -6.71808e-15 1.00294 2.5
0.691692 -0.160473 1.00294 1.46267e-14 1.00294 2.5
0.692693 -0.15991 1.00294 -1.14976e-14 1.00294 2.5
0.693694 -0.159347 1.00294 1.72944e-14 1.00294 2.5
0.694695 -0.158784 1.00294 -1.2294e-14 1.00294 2.5
0.695696 -0.158221 1.00294 1.93995e-14 1.00294 2.5
0.696697 -0.157658 1.00294 -1.10539e-14 1.00294 2.5
0.697698 -0.157095 1.00294 2.38007e-14 1.00294 2.5
0.698699 -0.156532 1.00294 -1.24562e-14 1.00294 2.5
0.6997 -0.155968 1.00294 2.73415e-14 1.00294 2.5
0.700701 -0.155405 1.00294 -1.52644e-14 1.00294 2.5
0.701702 -0.154842 1.00294 2.3948e-14 1.00294 2.5
0.702703 -0.154279 1.00294 -9.61628e-15 1.00294 2.5
0.703704 -0.153716 1.00294 9.31731e-15 1.00294 2.5
0.704705 -0.153153 1.00294 5.34541e-15 1.00294 2.5
0.705706 -0.15259 1.00294 -5.40461e-15 1.00294 2.5
0.706707 -0.152027 1.00294 2.42471e-14 1.00294 2.5
0.707708 -0.151464 1.00294 -3.82416e-14 1.00294 2.5
0.708709 -0.150901 1.00294 -3.12876e-14 1.00294 2.5
0.70971 -0.150338 1.00294 -2.82204e-14 1.00294 2.5
0.710711 -0.149775 1.00294 9.55366e-14 1.00294 2.5
0.711712 -0.149212 1.00294 1.12295e-14 1.00294 2.5
0.712713 -0.148649 1.00294 -8.74142e-14 1.00294 2.5
0.713714 -0.148086 1.00294 -1.03542e-14 1.00294 2.5
0.714715 -0.147523 1.00294 3.09495e-14 1.00294 2.5
0.715716 -0.146959 1.00294 -4.6929e-14 1.00294 2.5
0.716717 -0.146396 1.00294 2.34653e-14 1.00294 2.5
0.717718 -0.145833 1.00294 -4.53303e-14 1.00294 2.5
0.718719 -0.14527 1.00294 -4.50128e-14 1.00294 2.5
0.71972 -0.144707 1.00294 3.46174e-14 1.00294 2.5
0.720721 -0.144144 1.00294 7.93601e-15 1.00294 2.5
0.721722 -0.143581 1.00294 5.36797e-15 1.00294 2.5
0.722723 -0.143018 1.00294 -2.57522e-14 1.00294 2.5
0.723724 -0.142455 1.00294 8.24522e-15 1.00294 2.5
0.724725 -0.141892 1.00294 -1.0356e-14 1.00294 2.5
0.725726 -0.141329 1.00294 1.94358e-14 1.00294 2.5
0.726727 -0.140766 1.00294 -3.03784e-14 1.00294 2.5
0.727728 -0.140203 1.00294 2.60593e-14 1.00294 2.5
0.728729 -0.13964 1.00294 1.72469e-15 1.00294 2.5
0.72973 -0.139077 1.00294 3.11501e-15 1.00294 2.5
0.730731 -0.138514 1.00294 -2.14988e-14 1.00294 2.5
0.731732 -0.13795 1.00294 3.23473e-14 1.00294 2.5
0.732733 -0.137387 1.00294 -2.87747e-14 1.00294 2.5
0.733734 -0.136824 1.00294 2.9627e-14 1.00294 2.5
0.734735 -0.136261 1.00294 -1.42968e-14 1.00294 2.5
0.735736 -0.135698 1.00294 6.71677e-15 1.00294 2.5
0.736737 -0.135135 1.00294 -1.11442e-14 1.00294 2.5
0.737738 -0.134572 1.00294 -4.47167e-16 1.00294 2.5
0.738739 -0.134009 1.00294 2.12782e-15 1.00294 2.5
0.73974 -0.133446 1.00294 4.50777e-15 1.00294 2.5
0.740741 -0.132883 1.00294 -1.51683e-15 1.00294 2.5
0.741742 -0.13232 1.00294 1.41485e-15 1.00294 2.5
0.742743 -0.131757 1.00294 -4.12273e-15 1.00294 2.5
0.743744 -0.131194 1.00294 -1.08183e-15 1.00294 2.5
0.744745 -0.130631 1.00294 -2.99006e-15 1.00294 2.5
0.745746 -0.130068 1.00294 1.39886e-14 1.00294 2.5
0.746747 -0.129505 1.00294 1.17176e-14 1.00294 2.5
0.747748 -0.128941 1.00294 2.17577e-14 1.00294 2.5
0.748749 -0.128378 1.00294 4.17431e-14 1.00294 2.5
0.74975 -0.127815 1.00294 -1.27405e-15 1.00294 2.5
0.750751 -0.127252 1.00294 -7.15478e-14 1.00294 2.5
0.751752 -0.126689 1.00294 -2.78983e-14 1.00294 2.5
0.752753 -0.126126 1.00294 -2.53727e-14 1.00294 2.5
0.753754 -0.125563 1.00294 4.32523e-14 1.00294 2.5
0.754755 -0.125 1.00294 -1.44991e-14 1.00294 2.5
0.755756 -0.124437 1.00294 2.74076e-14 1.00294 2.5
0.756757 -0.123874 1.00294 -6.52203e-16 1.00294 2.5
0.757758 -0.123311 1.00294 -1.03463e-13 1.00294 2.5
0.758759 -0.122748 1.00294 1.34169e-14 1.00294 2.5
0.75976 -0.122185 1.00294 -1.15889e-13 1.00294 2.5
0.760761 -0.121622 1.00294 -3.53149e-13 1.00294 2.5
0.761762 -0.121059 1.00294 -6.30079e-13 1.00294 2.5
0.762763 -0.120495 1.00294 -1.26636e-12 1.00294 2.5
0.763764 -0.119932 1.00294 -2.64597e-12 1.00294 2.5
0.764765 -0.119369 1.00294 -4.97557e-12 1.00294 2.5
0.765766 -0.118806 1.00294 -9.78914e-12 1.00294 2.5
0.766767 -0.118243 1.00294 -1.76877e-11 1.00294 2.5
0.767768 -0.11768 1.00294 -3.23237e-11 1.00294 2.5
0.768769 -0.117117 1.00294 -5.67261e-11 1.00294 2.5
0.76977 -0.116554 1.00294 -9.9353e-11 1.00294 2.5
0.770771 -0.115991 1.00294 -1.68325e-10 1.00294 2.5
0.771772 -0.115428 1.00294 -2.84343e-10 1.00294 2.5
0.772773 -0.114865 1.00294 -4.67912e-10 1.00294 2.5
0.773774 -0.114302 1.00294 -7.66269e-10 1.00294 2.5
0.774775 -0.113739 1.00294 -1.23241e-09 1.00294 2.5
0.775776 -0.113176 1.00294 -1.96644e-09 1.00294 2.5
0.776777 -0.112613 1.00294 -3.10164e-09 1.00294 2.5
0.777778 -0.11205 1.00294 -4.84302e-09 1.00294 2.5
0.778779 -0.111486 1.00294 -7.50099e-09 1.00294 2.5
0.77978 -0.110923 1.00294 -1.14897e-08 1.00294 2.5
0.780781 -0.11036 1.00294 -1.74697e-08 1.00294 2.5
0.781782 -0.109797 1.00294 -2.62656e-08 1.00294 2.5
0.782783 -0.109234 1.00294 -3.91555e-08 1.00294 2.5
0.783784 -0.108671 1.00294 -5.77199e-08 1.00294 2.5
0.784785 -0.108108 1.00294 -8.4178e-08 1.00294 2.5
0.785786 -0.107545 1.00294 -1.21372e-07 1.00294 2.5
0.786787 -0.106982 1.00294 -1.72765e-07 1.00294 2.5
0.787788 -0.106419 1.00294 -2.43086e-07 1.00294 2.5
0.788789 -0.105856 1.00294 -3.36842e-07 1.00294 2.5
0.78979 -0.105293 1.00294 -4.60379e-07 1.00294 2.5
0.790791 -0.10473 1.00294 -6.17097e-07 1.00294 2.5
0.791792 -0.104167 1.00294 -8.13645e-07 1.00294 2.5
0.792793 -0.103604 1.00294 -1.05187e-06 1.00294 2.5
0.793794 -0.103041 1.00294 -1.34483e-06 1.00294 2.5
0.794795 -0.102477 1.00294 -1.70299e-06 1.00294 2.5
0.795796 -0.101914 1.00294 -2.1577e-06 1.00294 2.5
0.796797 -0.101351 1.00294 -2.73071e-06 1.00294 2.5
0.797798 -0.100788 1.00294 -3.46163e-06 1.00295 2.5
0.798799 -0.100225 1.00295 -4.36635e-06 1.00295 2.5
0.7998 -0.0996622 1.00295 -5.47457e-06 1.00295 2.50001
0.800801 -0.0990991 1.00295 -6.7944e-06 1.00295 2.50001
0.801802 -0.0985361 1.00295 -8.3229e-06 1.00295 2.50001
0.802803 -0.097973 1.00295 -9.9929e-06 1.00296 2.50001
0.803804 -0.09741 1.00296 -1.16852e-05 1.00296 2.50001
0.804805 -0.0968469 1.00296 -1.30863e-05 1.00296 2.50002
0.805806 -0.0962838 1.00296 -1.29408e-05 1.00296 2.50002
0.806807 -0.0957208 1.00295 -8.95636e-06 1.00296 2.50001
0.807808 -0.0951577 1.00295 3.22735e-07 1.00295 2.50001
0.808809 -0.0945947 1.00296 -4.94852e-06 1.00296 2.50001
0.80981 -0.0940316 1.00297 -2.24026e-05 1.00297 2.50002
0.810811 -0.0934686 1.00295 -2.76768e-05 1.00296 2.50002
0.811812 -0.0929055 1.00288 -2.41755e-09 1.00288 2.50001
0.812813 -0.0923424 1.00276 0.0001221 1.00273 2.49992
0.813814 -0.0917792 1.00273 0.000263323 1.00264 2.49979
0.814815 -0.091216 1.0028 8.66817e-05 1.00272 2.4998
0.815816 -0.0906529 1.0028 5.95237e-05 1.00274 2.49987
0.816817 -0.0900898 1.00251 0.000122079 1.00243 2.4998
0.817818 -0.0895263 1.00192 0.000613534 1.0017 2.49945
0.818819 -0.0889625 1.00152 0.00132674 1.00106 2.49885
0.81982 -0.0883986 1.00175 0.0011768 1.00118 2.49858
0.820821 -0.0878351 1.00195 0.000508133 1.00148 2.49882
0.821822 -0.0872714 1.00138 0.000718133 1.00093 2.49887
0.822823 -0.0867072 0.99984 0.00166501 0.999089 2.49812
0.823824 -0.0861418 0.998192 0.00377438 0.996793 2.49649
0.824825 -0.0855757 0.998286 0.00475356 0.996305 2.49504
0.825826 -0.0850107 0.998984 0.00220536 0.997135 2.49537
0.826827 -0.0844453 0.998382 0.00293428 0.996717 2.49583
0.827828 -0.0838794 0.996422 0.00380748 0.994366 2.49484
0.828829 -0.0833119 0.99338 0.00626127 0.990528 2.49282
0.82983 -0.0827425 0.99091 0.00966625 0.986855 2.48977
0.830831 -0.0821721 0.991296 0.0106413 0.986375 2.48759
0.831832 -0.0816037 0.992099 0.00664049 0.987399 2.48816
0.832833 -0.081034 0.990503 0.00835285 0.985911 2.48841
0.833834 -0.0804632 0.987166 0.0100995 0.981791 2.48639
0.834835 -0.0798901 0.982708 0.0139814 0.976019 2.48298
0.835836 -0.079314 0.979597 0.0184639 0.971196 2.47856
0.836837 -0.0787373 0.979993 0.0187277 0.970579 2.47598
0.837838 -0.0781622 0.980595 0.0150386 0.971326 2.47637
0.838839 -0.0775858 0.978464 0.0165268 0.969163 2.47623
0.83984 -0.0770078 0.973872 0.0189246 0.963611 2.47366
0.840841 -0.0764263 0.967135 0.0245412 0.955019 2.46868
0.841842 -0.0758402 0.962079 0.0318318 0.947376 2.46179
0.842843 -0.0752525 0.962806 0.0324158 0.94654 2.45776
0.843844 -0.0746681 0.964138 0.0260018 0.948217 2.45872
0.844845 -0.0740818 0.960319 0.0281064 0.944461 2.45872
0.845846 -0.0734919 0.951667 0.0337548 0.934054 2.45373
0.846847 -0.0728949 0.942305 0.0449129 0.921417 2.44458
0.847848 -0.0722933 0.939726 0.0510252 0.915702 2.43609
0.848849 -0.0716943 0.941441 0.0438544 0.91691 2.43486
0.84985 -0.0710948 0.939927 0.0443904 0.915742 2.43567
0.850851 -0.0704928 0.932829 0.0474364 0.907389 2.43182
0.851852 -0.0698839 0.923906 0.0566573 0.895956 2.42437
0.852853 -0.0692702 0.919643 0.0640509 0.888875 2.41636
0.853854 -0.0686567 0.919664 0.0612359 0.887684 2.41307
0.854855 -0.0680435 0.917581 0.0600127 0.885484 2.41255
0.855856 -0.0674264 0.908511 0.0651682 0.874972 2.40771
0.856857 -0.0668001 0.896643 0.0783648 0.859662 2.39689
0.857858 -0.0661665 0.892611 0.087374 0.852076 2.38647
0.858859 -0.0655362 0.894415 0.0791528 0.853093 2.3845
0.85986 -0.0649056 0.892121 0.0790288 0.851024 2.38483
0.860861 -0.0642702 0.884069 0.084253 0.841647 2.38004
0.861862 -0.0636275 0.87411 0.0953206 0.829 2.37098
0.862863 -0.0629786 0.865918 0.102897 0.817557 2.36038
0.863864 -0.0623247 0.861145 0.106735 0.810572 2.35318
0.864865 -0.061668 0.858086 0.110977 0.805917 2.34801
0.865866 -0.0610092 0.853465 0.111158 0.799736 2.34262
0.866867 -0.0603454 0.847945 0.114053 0.793052 2.33816
0.867868 -0.0596772 0.841697 0.12202 0.785003 2.33161
0.868869 -0.0590042 0.834646 0.124815 0.77572 2.3235
0.86987 -0.0583247 0.830588 0.130424 0.770339 2.31865
0.870871 -0.0576447 0.825016 0.135518 0.76301 2.31211
0.871872 -0.0569577 0.81298 0.137966 0.748539 2.30184
0.872873 -0.0562557 0.804465 0.15542 0.7376 2.29221
0.873874 -0.0555528 0.802027 0.161627 0.732371 2.28287
0.874875 -0.0548502 0.799995 0.149968 0.72937 2.27929
0.875876 -0.0541431 0.794525 0.154928 0.723877 2.2777
0.876877 -0.0534272 0.785468 0.169125 0.712901 2.26903
0.877878 -0.0527053 0.776456 0.174627 0.700981 2.25699
0.878879 -0.0519746 0.771013 0.17796 0.693993 2.25026
0.87988 -0.0512415 0.765164 0.186605 0.686749 2.2438
0.880881 -0.0504988 0.755521 0.195795 0.674605 2.23225
0.881882 -0.0497471 0.749509 0.200971 0.666318 2.22252
0.882883 -0.0489937 0.747978 0.197888 0.664002 2.21933
0.883884 -0.048238 0.744285 0.202874 0.65987 2.21645
0.884885 -0.047476 0.734396 0.210712 0.648251 2.20675
0.885886 -0.0467014 0.722358 0.218399 0.633996 2.19419
0.886887 -0.0459128 0.716079 0.233605 0.62588 2.1851
0.887888 -0.0451241 0.712068 0.2397 0.619745 2.17586
0.888889 -0.0443297 0.705892 0.233384 0.612185 2.16812
0.88989 -0.0435257 0.701532 0.240004 0.60739 2.16451
0.890891 -0.0427185 0.696527 0.249973 0.601328 2.15831
0.891892 -0.0419051 0.685952 0.253774 0.588988 2.14661
0.892893 -0.0410734 0.675481 0.266382 0.576779 2.1347
0.893894 -0.040233 0.670473 0.278655 0.569897 2.12498
0.894895 -0.0393904 0.668172 0.275124 0.566354 2.11904
0.895896 -0.0385449 0.664389 0.27468 0.562208 2.11551
0.896897 -0.0376909 0.655594 0.283265 0.552672 2.10753
0.897898 -0.0368217 0.643747 0.299004 0.539203 2.094
0.898899 -0.0359364 0.635537 0.312801 0.528917 2.08059
0.8999 -0.0350464 0.63314 0.311877 0.525155 2.07361
0.900901 -0.0341554 0.630785 0.309142 0.522419 2.07051
0.901902 -0.0332568 0.623402 0.315986 0.514654 2.06389
0.902903 -0.0323428 0.611782 0.33236 0.501798 2.05056
0.903904 -0.0314103 0.603216 0.345939 0.491455 2.03681
0.904905 -0.0304724 0.60107 0.344765 0.488148 2.03033
0.905906 -0.0295344 0.598599 0.342565 0.485394 2.02721
0.906907 -0.0285865 0.590154 0.351712 0.476583 2.01889
0.907908 -0.027619 0.578298 0.371073 0.463595 2.00413
0.908909 -0.0266333 0.570828 0.38183 0.454535 1.99068
0.90991 -0.0256435 0.569596 0.377382 0.452464 1.9859
0.910911 -0.0246533 0.566724 0.378624 0.449455 1.98269
0.911912 -0.0236506 0.557622 0.389011 0.440014 1.97273
0.912913 -0.0226262 0.547249 0.407189 0.428766 1.95873
0.913914 -0.0215877 0.540648 0.414064 0.421011 1.94679
0.914915 -0.0205405 0.538408 0.413586 0.418164 1.94167
0.915916 -0.0194914 0.534973 0.41871 0.414406 1.93657
0.916917 -0.0184294 0.526444 0.425929 0.405611 1.92618
0.917918 -0.0173454 0.5185 0.439964 0.397103 1.91468
0.918919 -0.0162522 0.51244 0.446723 0.390357 1.9044
0.91992 -0.0151441 0.508182 0.450112 0.385636 1.89713
0.920921 -0.0140301 0.504916 0.457807 0.381992 1.89136
0.921922 -0.0129077 0.49781 0.46137 0.37469 1.88169
0.922923 -0.0117626 0.489899 0.47154 0.366614 1.87086
0.923924 -0.0106021 0.485283 0.484484 0.361499 1.86231
0.924925 -0.00943673 0.481406 0.484974 0.357184 1.8549
0.925926 -0.0082581 0.477236 0.488211 0.3529 1.84867
0.926927 -0.00707017 0.471075 0.498158 0.34668 1.83983
0.927928 -0.00586118 0.464226 0.505378 0.339739 1.8296
0.928929 -0.00463758 0.461037 0.515697 0.336193 1.82303
0.92993 -0.00341261 0.457208 0.516359 0.332139 1.81613
0.930931 -0.00217013 0.45198 0.51808 0.327011 1.80877
0.931932 -0.000912688 0.448257 0.532896 0.323191 1.80249
0.932933 0.000349758 0.442771 0.536029 0.31759 1.7932
0.933934 0.0016348 0.438836 0.536648 0.313661 1.78689
0.934935 0.00292359 0.437325 0.547777 0.311945 1.78326
0.935936 0.00421767 0.432178 0.548979 0.306889 1.77525
0.936937 0.00553443 0.427985 0.551214 0.302823 1.76889
0.937938 0.00685693 0.426534 0.562406 0.301187 1.76532
0.938939 0.0081823 0.422712 0.562475 0.297399 1.75887
0.93994 0.00952662 0.419671 0.563975 0.294449 1.75404
0.940941 0.0108736 0.418231 0.571705 0.292907 1.75087
0.941942 0.0122267 0.415164 0.57149 0.289935 1.7459
0.942943 0.0135931 0.413086 0.575771 0.28789 1.74231
0.943944 0.0149608 0.411388 0.579318 0.286165 1.73902
0.944945 0.0163375 0.40937 0.578993 0.284217 1.7357
0.945946 0.0177194 0.408253 0.583056 0.283083 1.7335
0.946947 0.0191039 0.406558 0.583916 0.281444 1.73065
0.947948 0.0204967 0.405209 0.585387 0.280139 1.72836
0.948949 0.0218912 0.404474 0.588143 0.279378 1.7268
0.94995 0.0232886 0.40328 0.587654 0.278232 1.7248
0.950951 0.024691 0.40249 0.588599 0.277483 1.72354
0.951952 0.026095 0.402012 0.591154 0.276993 1.72254
0.952953 0.0275006 0.401127 0.591189 0.276145 1.72105
0.953954 0.0289099 0.400609 0.590607 0.275657 1.72024
0.954955 0.0303196 0.400482 0.592061 0.275527 1.71997
0.955956 0.0317304 0.399946 0.593134 0.275021 1.71912
0.956957 0.0331434 0.399468 0.592821 0.274577 1.71839
0.957958 0.0345573 0.399373 0.59276 0.274491 1.71826
0.958959 0.0359714 0.399198 0.593581 0.274341 1.71808
0.95996 0.0373867 0.398858 0.594227 0.274038 1.71764
0.960961 0.038803 0.398717 0.593946 0.273918 1.71749
0.961962 0.0402192 0.398647 0.594044 0.273877 1.71754
0.962963 0.0416362 0.398388 0.594523 0.27367 1.71736
0.963964 0.0430542 0.398201 0.594797 0.273536 1.71732
0.964965 0.0444724 0.398148 0.594792 0.27351 1.71739
0.965966 0.0458909 0.398068 0.594927 0.273507 1.71772
0.966967 0.0473097 0.397783 0.595269 0.273266 1.71743
0.967968 0.0487303 0.397701 0.595442 0.273297 1.71798
0.968969 0.0501493 0.397571 0.595407 0.273149 1.71761
0.96997 0.0515712 0.397903 0.595612 0.273537 1.71862
0.970971 0.0529871 0.397619 0.59596 0.272786 1.71512
0.971972 0.0544125 0.398983 0.59603 0.273687 1.7149
0.972973 0.0558188 0.39646 0.596036 0.269632 1.70025
0.973974 0.0572821 0.38987 0.596263 0.268924 1.72444
0.974975 0.0587628 0.347263 0.596463 0.238562 1.71745
0.975976 0.0606031 0.281715 0.596623 0.292713 2.5976
0.976977 0.0627697 0.251682 0.596799 0.290872 2.88927
0.977978 0.0650556 0.245443 0.597003 0.277167 2.82312
0.978979 0.0673455 0.24745 0.597232 0.271353 2.74149
0.97998 0.069615 0.249576 0.597404 0.272285 2.72748
0.980981 0.0718737 0.250588 0.597551 0.27253 2.71891
0.981982 0.074124 0.251192 0.597697 0.272628 2.71334
0.982983 0.0763707 0.251563 0.597782 0.272522 2.70829
0.983984 0.0786142 0.251805 0.597787 0.272417 2.70464
0.984985 0.0808565 0.251902 0.597701 0.272202 2.70147
0.985986 0.0830983 0.251883 0.597459 0.271893 2.6986
0.986987 0.085341 0.25173 0.597012 0.271426 2.6956
0.987988 0.0875857 0.251419 0.596274 0.270753 2.69225
0.988989 0.0898341 0.250906 0.59513 0.269798 2.68824
0.98999 0.0920884 0.250131 0.593425 0.268465 2.68324
0.990991 0.0943512 0.249016 0.590956 0.26663 2.67684
0.991992 0.0966262 0.247465 0.587465 0.264148 2.66854
0.992993 0.0989182 0.245364 0.582622 0.260848 2.65777
0.993994 0.101233 0.242583 0.576021 0.256542 2.64387
0.994995 0.103579 0.238984 0.567175 0.25104 2.62612
0.995996 0.105966 0.234431 0.555495 0.244162 2.60377
0.996997 0.108405 0.228803 0.54029 0.235764 2.57606
0.997998 0.110913 0.222006 0.520763 0.225761 2.54228
0.998999 0.113506 0.213982 0.495928 0.214131 2.50175
1 0.116207 0.204717 0.46459 0.200943 2.45392
1.001 0.119044 0.194244 0.42542 0.186363 2.39856
1.002 0.122047 0.182701 0.376967 0.170732 2.33622
1.003 0.125252 0.170581 0.318814 0.154843 2.26934
1.004 0.12869 0.158885 0.254041 0.14002 2.20316
1.00501 0.132374 0.148761 0.189738 0.127591 2.14422
1.00601 0.136286 0.140915 0.133684 0.118215 2.09729
1.00701 0.140384 0.13538 0.0902662 0.111736 2.06338
1.00801 0.14462 0.131726 0.0594579 0.107517 2.04054
1.00901 0.14895 0.129392 0.0386754 0.104846 2.02575
1.01001 0.153342 0.127912 0.0249507 0.103163 2.01629
1.01101 0.157775 0.126969 0.0159538 0.102096 2.01026
1.01201 0.162234 0.126368 0.0100942 0.101419 2.00641
1.01301 0.166711 0.125987 0.0063166 0.10099 2.00397
1.01401 0.171198 0.125747 0.00391217 0.10072 2.00244
1.01502 0.175692 0.125598 0.00240098 0.100553 2.00148
1.01602 0.18019 0.125507 0.00146142 0.10045 2.00089
1.01702 0.18469 0.125451 0.000882534 0.100388 2.00054
1.01802 0.189192 0.125417 0.000528741 0.10035 2.00032
1.01902 0.193696 0.125397 0.000314248 0.100327 2.00019
1.02002 0.198199 0.125385 0.000185286 0.100313 2.00011
1.02102 0.202703 0.125377 0.000108401 0.100305 2.00006
1.02202 0.207208 0.125373 6.29438e-05 0.1003 2.00004
1.02302 0.211712 0.125371 3.62827e-05 0.100298 2.00002
1.02402 0.216216 0.125369 2.07652e-05 0.100296 2.00001
1.02503 0.220721 0.125369 1.18009e-05 0.100295 2.00001
1.02603 0.225225 0.125368 6.66005e-06 0.100295 2
1.02703 0.22973 0.125368 3.73317e-06 0.100294 2
1.02803 0.234234 0.125368 2.07863e-06 0.100294 2
1.02903 0.238739 0.125368 1.14985e-06 0.100294 2
1.03003 0.243243 0.125368 6.32014e-07 0.100294 2
1.03103 0.247748 0.125368 3.45213e-07 0.100294 2
1.03203 0.252252 0.125368 1.87401e-07 0.100294 2
1.03303 0.256757 0.125368 1.01117e-07 0.100294 2
1.03403 0.261261 0.125368 5.42371e-08 0.100294 2
1.03504 0.265766 0.125368 2.8922e-08 0.100294 2
1.03604 0.27027 0.125368 1.53337e-08 0.100294 2
1.03704 0.274775 0.125368 8.08181e-09 0.100294 2
1.03804 0.279279 0.125368 4.23098e-09 0.100294 2
1.03904 0.283784 0.125368 2.19089e-09 0.100294 2
1.04004 0.288288 0.125368 1.10056e-09 0.100294 2
1.04104 0.292793 0.125368 4.85968e-10 0.100294 2
1.04204 0.297297 0.125368 6.51917e-11 0.100294 2
1.04304 0.301802 0.125368 -3.74709e-10 0.100294 2
1.04404 0.306306 0.125368 -1.0793e-09 0.100294 2
1.04505 0.310811 0.125368 -2.44996e-09 0.100294 2
1.04605 0.315315 0.125368 -5.2405e-09 0.100294 2
1.04705 0.31982 0.125368 -1.09035e-08 0.100294 2
1.04805 0.324324 0.125368 -2.22054e-08 0.100294 2
1.04905 0.328829 0.125368 -4.4293e-08 0.100294 2
1.05005 0.333333 0.125368 -8.64711e-08 0.100294 2
1.05105 0.337838 0.125368 -1.65032e-07 0.100294 2
1.05205 0.342342 0.125368 -3.07498e-07 0.100294 2
1.05305 0.346847 0.125368 -5.58535e-07 0.100294 2
1.05405 0.351351 0.125368 -9.87371e-07 0.100294 2
1.05506 0.355856 0.125368 -1.69575e-06 0.100294 2
1.05606 0.36036 0.125368 -2.824e-06 0.100294 2
1.05706 0.364865 0.125368 -4.55112e-06 0.100295 2
1.05806 0.369369 0.125368 -7.08335e-06 0.100295 2.00001
1.05906 0.373874 0.125369 -1.06257e-05 0.100295 2.00001
1.06006 0.378378 0.125369 -1.53347e-05 0.100296 2.00001
1.06106 0.382883 0.12537 -2.12565e-05 0.100297 2.00002
1.06206 0.387387 0.125371 -2.82654e-05 0.100298 2.00002
1.06306 0.391891 0.125372 -3.60232e-05 0.1003 2.00003
1.06406 0.396396 0.125374 -4.39809e-05 0.100301 2.00004
1.06507 0.4009 0.125375 -5.14306e-05 0.100302 2.00005
1.06607 0.405404 0.125376 -5.76115e-05 0.100304 2.00006
1.06707 0.409908 0.125377 -6.18401e-05 0.100305 2.00006
1.06807 0.414412 0.125378 -6.36731e-05 0.100306 2.00007
1.06907 0.418917 0.125378 -6.36293e-05 0.100306 2.00007
1.07007 0.423421 0.125379 -6.27015e-05 0.100307 2.00007
1.07107 0.427925 0.125379 -6.35934e-05 0.100307 2.00007
1.07207 0.432429 0.125379 -6.16678e-05 0.100307 2.00007
1.07307 0.436933 0.125378 -5.33667e-05 0.100306 2.00007
1.07407 0.441437 0.125377 -4.87232e-05 0.100305 2.00006
1.07508 0.445941 0.125377 -4.75123e-05 0.100305 2.00006
1.07608 0.450445 0.125376 -3.86121e-05 0.100303 2.00005
1.07708 0.45495 0.125374 -3.0233e-05 0.100302 2.00005
1.07808 0.459454 0.125374 -2.67577e-05 0.100301 2.00004
1.07908 0.463958 0.125373 -2.41449e-05 0.1003 2.00004
1.08008 0.468463 0.125372 -1.71735e-05 0.100299 2.00003
1.08108 0.472967 0.125371 -1.09053e-05 0.100298 2.00002
1.08208 0.477471 0.12537 -1.01931e-05 0.100297 2.00002
1.08308 0.481976 0.12537 -8.21575e-06 0.100297 2.00002
1.08408 0.48648 0.125368 -2.9403e-06 0.100294 2
1.08509 0.490985 0.125373 -2.79301e-06 0.100299 2.00001
1.08609 0.495489 0.125361 -2.18953e-06 0.10028 1.99983
1.08709 0.499995 0.125323 -4.04697e-07 0.100232 1.99947
1.08809 0.504505 0.125 0 0.1 2
1.08909 0.509009 0.125 0 0.1 2
1.09009 0.513514 0.125 0 0.1 2
1.09109 0.518018 0.125 0 0.1 2
1.09209 0.522523 0.125 0 0.1 2
1.09309 0.527027 0.125 0 0.1 2
1.09409 0.531532 0.125 0 0.1 2
1.0951 0.536036 0.125 0 0.1 2
1.0961 0.540541 0.125 0 0.1 2
1.0971 0.545045 0.125 0 0.1 2
1.0981 0.54955 0.125 0 0.1 2
