-0.0495495 1
-0.0489865 1
-0.0484234 1
-0.0478604 1
-0.0472973 1
-0.0467342 1
-0.0461712 1
-0.0456081 1
-0.045045 1
-0.044482 1
-0.0439189 1
-0.0433559 1
-0.0427928 1
-0.0422297 1
-0.0416667 1
-0.0411036 1
-0.0405405 1
-0.0399775 1
-0.0394144 1
-0.0388514 1
-0.0382883 1
-0.0377252 1
-0.0371622 1
-0.0365991 1
-0.036036 1
-0.035473 1
-0.0349099 1
-0.0343468 1
-0.0337838 1
-0.0332207 1
-0.0326577 1
-0.0320946 1
-0.0315315 1
-0.0309685 1
-0.0304054 1
-0.0298423 1
-0.0292793 1
-0.0287162 1
-0.0281532 1
-0.0275901 1
-0.027027 1
-0.026464 1
-0.0259009 1
-0.0253378 1
-0.0247748 1
-0.0242117 1
-0.0236486 1
-0.0230856 1
-0.0225225 1
-0.0219595 1
-0.0213964 1
-0.0208333 1
-0.0202703 1
-0.0197072 1
-0.0191441 1
-0.0185811 1
-0.018018 1
-0.017455 1
-0.0168919 1
-0.0163288 1
-0.0157658 1
-0.0152027 1
-0.0146396 1
-0.0140766 1
-0.0135135 1
-0.0129505 1
-0.0123874 1
-0.0118243 1
-0.0112613 1
-0.0106982 1
-0.0101351 1
-0.00957207 1
-0.00900901 1
-0.00844595 1
-0.00788288 1
-0.00731982 1
-0.00675676 1
-0.00619369 1
-0.00563063 1
-0.00506757 1
-0.0045045 1
-0.00394144 1
-0.00337838 1
-0.00281532 1
-0.00225225 1
-0.00168919 1
-0.00112613 1
-0.000563063 1
-5.20417e-21 1.003
0.000563063 1.003
0.00112613 1.003
0.00168919 1.003
0.00225225 1.003
0.00281532 1.003
0.00337838 1.003
0.00394144 1.003
0.0045045 1.003
0.00506757 1.003
0.00563063 1.003
0.00619369 1.003
0.00675676 1.003
0.00731982 1.003
0.00788288 1.003
0.00844595 1.003
0.00900901 1.003
0.00957207 1.003
0.0101351 1.003
0.0106982 1.003
0.0112613 1.003
0.0118243 1.003
0.0123874 1.003
0.0129505 1.003
0.0135135 1.003
0.0140766 1.003
0.0146396 1.003
0.0152027 1.003
0.0157658 1.003
0.0163288 1.003
0.0168919 1.003
0.017455 1.003
0.018018 1.003
0.0185811 1.003
0.0191441 1.003
0.0197072 1.003
0.0202703 1.003
0.0208333 1.003
0.0213964 1.003
0.0219595 1.003
0.0225225 1.003
0.0230856 1.003
0.0236486 1.003
0.0242117 1.003
0.0247748 1.003
0.0253378 1.003
0.0259009 1.003
0.026464 1.003
0.027027 1.003
0.0275901 1.003
0.0281532 1.003
0.0287162 1.003
0.0292793 1.003
0.0298423 1.003
0.0304054 1.003
0.0309685 1.003
0.0315315 1.003
0.0320946 1.003
0.0326577 1.003
0.0332207 1.003
0.0337838 1.003
0.0343468 1.003
0.0349099 1.003
0.035473 1.003
0.036036 1.003
0.0365991 1.003
0.0371622 1.003
0.0377252 1.003
0.0382883 1.003
0.0388514 1.003
0.0394144 1.003
0.0399775 1.003
0.0405405 1.003
0.0411036 1.003
0.0416667 1.003
0.0422297 1.003
0.0427928 1.003
0.0433559 1.003
0.0439189 1.003
0.044482 1.003
0.045045 1.003
0.0456081 1.003
0.0461712 1.003
0.0467342 1.003
0.0472973 1.003
0.0478604 1.003
0.0484234 1.003
0.0489865 1.003
0.0495495 1.003
0.0501126 1.003
0.0506757 1.003
0.0512387 1.003
0.0518018 1.003
0.0523649 1.003
0.0529279 1.003
0.053491 1.003
0.0540541 1.003
0.0546171 1.003
0.0551802 1.003
0.0557432 1.003
0.0563063 1.003
0.0568694 1.003
0.0574324 1.003
0.0579955 1.003
0.0585586 1.003
0.0591216 1.003
0.0596847 1.003
0.0602477 1.003
0.0608108 1.003
0.0613739 1.003
0.0619369 1.003
0.0625 1.003
0.0630631 1.003
0.0636261 1.003
0.0641892 1.003
0.0647523 1.003
0.0653153 1.003
0.0658784 1.003
0.0664414 1.003
0.0670045 1.003
0.0675676 1.003
0.0681306 1.003
0.0686937 1.003
0.0692568 1.003
0.0698198 1.003
0.0703829 1.003
0.0709459 1.003
0.071509 1.003
0.0720721 1.003
0.0726351 1.003
0.0731982 1.003
0.0737613 1.003
0.0743243 1.003
0.0748874 1.003
0.0754505 1.003
0.0760135 1.003
0.0765766 1.003
0.0771396 1.003
0.0777027 1.003
0.0782658 1.003
0.0788288 1.003
0.0793919 1.003
0.079955 1.003
0.080518 1.003
0.0810811 1.003
0.0816441 1.003
0.0822072 1.003
0.0827703 1.003
0.0833333 1.003
0.0838964 1.003
0.0844595 1.003
0.0850225 1.003
0.0855856 1.003
0.0861486 1.003
0.0867117 1.003
0.0872748 1.003
0.0878378 1.003
0.0884009 1.003
0.088964 1.003
0.089527 1.003
0.0900901 1.003
0.0906532 1.003
0.0912162 1.003
0.0917793 1.003
0.0923423 1.003
0.0929054 1.003
0.0934685 1.003
0.0940315 1.003
0.0945946 1.003
0.0951577 1.003
0.0957207 1.003
0.0962838 1.003
0.0968468 1.003
0.0974099 1.003
0.097973 1.003
0.098536 1.003
0.0990991 1.003
0.0996622 1.003
0.100225 1.003
0.100788 1.003
0.101351 1.003
0.101914 1.003
0.102477 1.003
0.103041 1.003
0.103604 1.003
0.104167 1.003
0.10473 1.003
0.105293 1.003
0.105856 1.003
0.106419 1.003
0.106982 1.003
0.107545 1.003
0.108108 1.003
0.108671 1.003
0.109234 1.003
0.109797 1.003
0.11036 1.003
0.110923 1.003
0.111486 1.003
0.11205 1.003
0.112613 1.003
0.113176 1.003
0.113739 1.003
0.114302 1.003
0.114865 1.003
0.115428 1.003
0.115991 1.003
0.116554 1.003
0.117117 1.003
0.11768 1.003
0.118243 1.003
0.118806 1.003
0.119369 1.003
0.119932 1.003
0.120495 1.003
0.121059 1.003
0.121622 1.003
0.122185 1.003
0.122748 1.003
0.123311 1.003
0.123874 1.003
0.124437 1.003
0.125 1.003
0.125563 1.003
0.126126 1.003
0.126689 1.003
0.127252 1.003
0.127815 1.003
0.128378 1.003
0.128941 1.003
0.129505 1.003
0.130068 1.003
0.130631 1.003
0.131194 1.003
0.131757 1.003
0.13232 1.003
0.132883 1.003
0.133446 1.003
0.134009 1.003
0.134572 1.003
0.135135 1.003
0.135698 1.003
0.136261 1.003
0.136824 1.003
0.137387 1.003
0.13795 1.003
0.138514 1.003
0.139077 1.003
0.13964 1.003
0.140203 1.003
0.140766 1.003
0.141329 1.003
0.141892 1.003
0.142455 1.003
0.143018 1.003
0.143581 1.003
0.144144 1.003
0.144707 1.003
0.14527 1.003
0.145833 1.003
0.146396 1.003
0.146959 1.003
0.147523 1.003
0.148086 1.003
0.148649 1.003
0.149212 1.003
0.149775 1.003
0.150338 1.003
0.150901 1.003
0.151464 1.003
0.152027 1.003
0.15259 1.003
0.153153 1.003
0.153716 1.003
0.154279 1.003
0.154842 1.003
0.155405 1.003
0.155968 1.003
0.156532 1.003
0.157095 1.003
0.157658 1.003
0.158221 1.003
0.158784 1.003
0.159347 1.003
0.15991 1.003
0.160473 1.003
0.161036 1.003
0.161599 1.003
0.162162 1.003
0.162725 1.003
0.163288 1.003
0.163851 1.003
0.164414 1.003
0.164977 1.003
0.165541 1.003
0.166104 1.003
0.166667 1.003
0.16723 1.003
0.167793 1.003
0.168356 1.003
0.168919 1.003
0.169482 1.003
0.170045 1.003
0.170608 1.003
0.171171 1.003
0.171734 1.003
0.172297 1.003
0.17286 1.003
0.173423 1.003
0.173986 1.003
0.17455 1.003
0.175113 1.003
0.175676 1.003
0.176239 1.003
0.176802 1.003
0.177365 1.003
0.177928 1.003
0.178491 1.003
0.179054 1.003
0.179617 1.003
0.18018 1.003
0.180743 1.003
0.181306 1.003
0.181869 1.003
0.182432 1.003
0.182995 1.003
0.183559 1.003
0.184122 1.003
0.184685 1.003
0.185248 1.003
0.185811 1.003
0.186374 1.003
0.186937 1.003
0.1875 1.003
0.188063 1.003
0.188626 1.003
0.189189 1.003
0.189752 1.003
0.190315 1.003
0.190878 1.003
0.191441 1.003
0.192005 1.003
0.192568 1.003
0.193131 1.003
0.193694 1.003
0.194257 1.003
0.19482 1.003
0.195383 1.003
0.195946 1.003
0.196509 1.003
0.197072 1.003
0.197635 1.003
0.198198 1.003
0.198761 1.003
0.199324 1.003
0.199887 1.003
0.20045 1.003
0.201014 1.003
0.201577 1.003
0.20214 1.003
0.202703 1.003
0.203266 1.003
0.203829 1.003
0.204392 1.003
0.204955 1.003
0.205518 1.003
0.206081 1.003
0.206644 1.003
0.207207 1.003
0.20777 1.003
0.208333 1.003
0.208896 1.003
0.209459 1.003
0.210023 1.003
0.210586 1.003
0.211149 1.003
0.211712 1.003
0.212275 1.003
0.212838 1.003
0.213401 1.003
0.213964 1.003
0.214527 1.003
0.21509 1.003
0.215653 1.003
0.216216 1.003
0.216779 1.003
0.217342 1.003
0.217905 1.003
0.218468 1.003
0.219032 1.003
0.219595 1.003
0.220158 1.003
0.220721 1.003
0.221284 1.003
0.221847 1.003
0.22241 1.003
0.222973 1.003
0.223536 1.003
0.224099 1.003
0.224662 1.003
0.225225 1.003
0.225788 1.003
0.226351 1.003
0.226914 1.003
0.227477 1.003
0.228041 1.003
0.228604 1.003
0.229167 1.003
0.22973 1.003
0.230293 1.003
0.230856 1.003
0.231419 1.003
0.231982 1.003
0.232545 1.003
0.233108 1.003
0.233671 1.003
0.234234 1.003
0.234797 1.003
0.23536 1.003
0.235923 1.003
0.236486 1.003
0.23705 1.003
0.237613 1.003
0.238176 1.003
0.238739 1.003
0.239302 1.003
0.239865 1.003
0.240428 1.003
0.240991 1.003
0.241554 1.003
0.242117 1.003
0.24268 1.003
0.243243 1.003
0.243806 1.003
0.244369 1.003
0.244932 1.003
0.245495 1.003
0.246059 1.003
0.246622 1.003
0.247185 1.003
0.247748 1.003
0.248311 1.003
0.248874 1.003
0.249437 1.003
0.25 1.003
0.250563 1.003
0.251126 1.003
0.251689 1.003
0.252252 1.003
0.252815 1.003
0.253378 1.003
0.253941 1.003
0.254505 1.003
0.255068 1.003
0.255631 1.003
0.256194 1.003
0.256757 1.003
0.25732 1.003
0.257883 1.003
0.258446 1.003
0.259009 1.003
0.259572 1.003
0.260135 1.003
0.260698 1.003
0.261261 1.003
0.261824 1.003
0.262387 1.003
0.26295 1.003
0.263514 1.003
0.264077 1.003
0.26464 1.003
0.265203 1.003
0.265766 1.003
0.266329 1.003
0.266892 1.003
0.267455 1.003
0.268018 1.003
0.268581 1.003
0.269144 1.003
0.269707 1.003
0.27027 1.003
0.270833 1.003
0.271396 1.003
0.271959 1.003
0.272523 1.003
0.273086 1.003
0.273649 1.003
0.274212 1.003
0.274775 1.003
0.275338 1.003
0.275901 1.003
0.276464 1.003
0.277027 1.003
0.27759 1.003
0.278153 1.003
0.278716 1.003
0.279279 1.003
0.279842 1.003
0.280405 1.003
0.280968 1.003
0.281532 1.003
0.282095 1.003
0.282658 1.003
0.283221 1.003
0.283784 1.003
0.284347 1.003
0.28491 1.003
0.285473 1.003
0.286036 1.003
0.286599 1.003
0.287162 1.003
0.287725 1.003
0.288288 1.003
0.288851 1.003
0.289414 1.003
0.289977 1.003
0.290541 1.003
0.291104 1.003
0.291667 1.003
0.29223 1.003
0.292793 1.003
0.293356 1.003
0.293919 1.003
0.294482 1.003
0.295045 1.003
0.295608 1.003
0.296171 1.003
0.296734 1.003
0.297297 1.003
0.29786 1.003
0.298423 1.003
0.298986 1.003
0.29955 1.003
0.300113 1.003
0.300676 1.003
0.301239 1.003
0.301802 1.003
0.302365 1.003
0.302928 1.003
0.303491 1.003
0.304054 1.003
0.304617 1.003
0.30518 1.003
0.305743 1.003
0.306306 1.003
0.306869 1.003
0.307432 1.003
0.307995 1.003
0.308559 1.003
0.309122 1.003
0.309685 1.003
0.310248 1.003
0.310811 1.003
0.311374 1.003
0.311937 1.003
0.3125 1.003
0.313063 1.003
0.313626 1.003
0.314189 1.003
0.314752 1.003
0.315315 1.003
0.315878 1.003
0.316441 1.003
0.317005 1.003
0.317568 1.003
0.318131 1.003
0.318694 1.003
0.319257 1.003
0.31982 1.003
0.320383 1.003
0.320946 1.003
0.321509 1.003
0.322072 1.003
0.322635 1.003
0.323198 1.003
0.323761 1.003
0.324324 1.003
0.324887 1.003
0.32545 1.003
0.326014 1.003
0.326577 1.003
0.32714 1.003
0.327703 1.003
0.328266 1.003
0.328829 1.003
0.329392 1.003
0.329955 1.003
0.330518 1.003
0.331081 1.003
0.331644 1.003
0.332207 1.003
0.33277 1.003
0.333333 1.003
0.333896 1.003
0.334459 1.003
0.335023 1.003
0.335586 1.003
0.336149 1.003
0.336712 1.003
0.337275 1.003
0.337838 1.003
0.338401 1.003
0.338964 1.003
0.339527 1.003
0.34009 1.003
0.340653 1.003
0.341216 1.003
0.341779 1.003
0.342342 1.003
0.342905 1.003
0.343468 1.003
0.344032 1.003
0.344595 1.003
0.345158 1.003
0.345721 1.003
0.346284 1.003
0.346847 1.003
0.34741 1.003
0.347973 1.003
0.348536 1.003
0.349099 1.003
0.349662 1.003
0.350225 1.003
0.350788 1.003
0.351351 1.003
0.351914 1.003
0.352477 1.003
0.353041 1.003
0.353604 1.003
0.354167 1.003
0.35473 1.003
0.355293 1.003
0.355856 1.003
0.356419 1.003
0.356982 1.003
0.357545 1.003
0.358108 1.003
0.358671 1.003
0.359234 1.003
0.359797 1.003
0.36036 1.003
0.360923 1.003
0.361486 1.003
0.36205 1.003
0.362613 1.003
0.363176 1.003
0.363739 1.003
0.364302 1.003
0.364865 1.003
0.365428 1.003
0.365991 1.003
0.366554 1.003
0.367117 1.003
0.36768 1.003
0.368243 1.003
0.368806 1.003
0.369369 1.003
0.369932 1.003
0.370495 1.003
0.371059 1.003
0.371622 1.003
0.372185 1.003
0.372748 1.003
0.373311 1.003
0.373874 1.003
0.374437 1.003
0.375 1.003
0.375563 1.003
0.376126 1.003
0.376689 1.003
0.377252 1.003
0.377815 1.003
0.378378 1.003
0.378941 1.003
0.379505 1.003
0.380068 1.003
0.380631 1.003
0.381194 1.003
0.381757 1.003
0.38232 1.003
0.382883 1.003
0.383446 1.003
0.384009 1.003
0.384572 1.003
0.385135 1.003
0.385698 1.003
0.386261 1.003
0.386824 1.003
0.387387 1.003
0.38795 1.003
0.388514 1.003
0.389077 1.003
0.38964 1.003
0.390203 1.003
0.390766 1.003
0.391329 1.003
0.391892 1.003
0.392455 1.003
0.393018 1.003
0.393581 1.003
0.394144 1.003
0.394707 1.003
0.39527 1.003
0.395833 1.003
0.396396 1.003
0.396959 1.003
0.397523 1.003
0.398086 1.003
0.398649 1.003
0.399212 1.003
0.399775 1.003
0.400338 1.003
0.400901 1.003
0.401464 1.003
0.402027 1.003
0.40259 1.003
0.403153 1.003
0.403716 1.003
0.404279 1.003
0.404842 1.003
0.405405 1.003
0.405968 1.003
0.406532 1.003
0.407095 1.003
0.407658 1.003
0.408221 1.003
0.408784 1.003
0.409347 1.003
0.40991 1.003
0.410473 1.003
0.411036 1.003
0.411599 1.003
0.412162 1.003
0.412725 1.003
0.413288 1.003
0.413851 1.003
0.414414 1.003
0.414977 1.003
0.415541 1.003
0.416104 1.003
0.416667 1.003
0.41723 1.003
0.417793 1.003
0.418356 1.003
0.418919 1.003
0.419482 1.003
0.420045 1.003
0.420608 1.003
0.421171 1.003
0.421734 1.003
0.422297 1.003
0.42286 1.003
0.423423 1.003
0.423986 1.003
0.42455 1.003
0.425113 1.003
0.425676 1.003
0.426239 1.003
0.426802 1.003
0.427365 1.003
0.427928 1.003
0.428491 1.003
0.429054 1.003
0.429617 1.003
0.43018 1.003
0.430743 1.003
0.431306 1.003
0.431869 1.003
0.432432 1.003
0.432995 1.003
0.433559 1.003
0.434122 1.003
0.434685 1.003
0.435248 1.003
0.435811 1.003
0.436374 1.003
0.436937 1.003
0.4375 1.003
0.438063 1.003
0.438626 1.003
0.439189 1.003
0.439752 1.003
0.440315 1.003
0.440878 1.003
0.441441 1.003
0.442005 1.003
0.442568 1.003
0.443131 1.003
0.443694 1.003
0.444257 1.003
0.44482 1.003
0.445383 1.003
0.445946 1.003
0.446509 1.003
0.447072 1.003
0.447635 1.003
0.448198 1.003
0.448761 1.003
0.449324 1.003
0.449887 1.003
0.45045 1.003
0.451014 1.003
0.451577 1.003
0.45214 1.003
0.452703 1.003
0.453266 1.003
0.453829 1.003
0.454392 1.003
0.454955 1.003
0.455518 1.003
0.456081 1.003
0.456644 1.003
0.457207 1.003
0.45777 1.003
0.458333 1.003
0.458896 1.003
0.459459 1.003
0.460023 1.003
0.460586 1.003
0.461149 1.003
0.461712 1.003
0.462275 1.003
0.462838 1.003
0.463401 1.003
0.463964 1.003
0.464527 1.003
0.46509 1.003
0.465653 1.003
0.466216 1.003
0.466779 1.003
0.467342 1.003
0.467905 1.003
0.468468 1.003
0.469032 1.003
0.469595 1.003
0.470158 1.003
0.470721 1.003
0.471284 1.003
0.471847 1.003
0.47241 1.003
0.472973 1.003
0.473536 1.003
0.474099 1.003
0.474662 1.003
0.475225 1.003
0.475788 1.003
0.476351 1.003
0.476914 1.003
0.477477 1.003
0.478041 1.003
0.478604 1.003
0.479167 1.003
0.47973 1.003
0.480293 1.003
0.480856 1.003
0.481419 1.003
0.481982 1.003
0.482545 1.003
0.483108 1.003
0.483671 1.003
0.484234 1.003
0.484797 1.003
0.48536 1.003
0.485923 1.003
0.486486 1.003
0.48705 1.003
0.487613 1.003
0.488176 1.003
0.488739 1.003
0.489302 1.003
0.489865 1.003
0.490428 1.003
0.490991 1.003
0.491554 1.003
0.492117 1.003
0.49268 1.003
0.493243 1.003
0.493806 1.003
0.494369 1.003
0.494932 1.003
0.495495 1.003
0.496059 1.003
0.496622 1.003
0.497185 1.00351
0.497748 1.0038
0.498306 0.978274
0.498905 0.823364
0.499733 0.616638
0.504494 0.127973
0.509006 0.124563
0.513514 0.125321
0.518018 0.12537
0.522523 0.125375
0.527027 0.125375
0.531532 0.125375
0.536036 0.125375
0.540541 0.125375
0.545045 0.125375
0.54955 0.125375
0.554054 0.125375
0.558559 0.125375
0.563063 0.125375
0.567568 0.125375
0.572072 0.125375
0.576577 0.125375
0.581081 0.125375
0.585586 0.125375
0.59009 0.125375
0.594595 0.125375
0.599099 0.125375
0.603604 0.125375
0.608108 0.125375
0.612613 0.125375
0.617117 0.125375
0.621622 0.125375
0.626126 0.125375
0.630631 0.125375
0.635135 0.125375
0.63964 0.125375
0.644144 0.125375
0.648649 0.125375
0.653153 0.125375
0.657658 0.125375
0.662162 0.125375
0.666667 0.125375
0.671171 0.125375
0.675676 0.125375
0.68018 0.125375
0.684685 0.125375
0.689189 0.125375
0.693694 0.125375
0.698198 0.125375
0.702703 0.125375
0.707207 0.125375
0.711712 0.125375
0.716216 0.125375
0.720721 0.125375
0.725225 0.125375
0.72973 0.125375
0.734234 0.125375
0.738739 0.125375
0.743243 0.125375
0.747748 0.125375
0.752252 0.125375
0.756757 0.125375
0.761261 0.125375
0.765766 0.125375
0.77027 0.125375
0.774775 0.125375
0.779279 0.125375
0.783784 0.125375
0.788288 0.125375
0.792793 0.125375
0.797297 0.125375
0.801802 0.125375
0.806306 0.125375
0.810811 0.125375
0.815315 0.125375
0.81982 0.125375
0.824324 0.125375
0.828829 0.125375
0.833333 0.125375
0.837838 0.125375
0.842342 0.125375
0.846847 0.125375
0.851351 0.125375
0.855856 0.125375
0.86036 0.125375
0.864865 0.125375
0.869369 0.125375
0.873874 0.125375
0.878378 0.125375
0.882883 0.125375
0.887387 0.125375
0.891892 0.125375
0.896396 0.125375
0.900901 0.125375
0.905405 0.125375
0.90991 0.125375
0.914414 0.125375
0.918919 0.125375
0.923423 0.125375
0.927928 0.125375
0.932432 0.125375
0.936937 0.125375
0.941441 0.125375
0.945946 0.125375
0.95045 0.125375
0.954955 0.125375
0.959459 0.125375
0.963964 0.125375
0.968468 0.125375
0.972973 0.125375
0.977477 0.125375
0.981982 0.125375
0.986486 0.125375
0.990991 0.125375
0.995495 0.125375
1 0.125375
1.0045 0.125
1.00901 0.125
1.01351 0.125
1.01802 0.125
1.02252 0.125
1.02703 0.125
1.03153 0.125
1.03604 0.125
1.04054 0.125
1.04505 0.125
1.04955 0.125
