0 -0.54955 1 0 1 2.5 0.00140766 0.00071509
0.001001 -0.548986 1 0 1 2.5 0.00140766 0.00071509
0.002002 -0.548423 1 0 1 2.5 0.00140766 0.00071509
0.003003 -0.54786 1 0 1 2.5 0.00140766 0.00071509
0.004004 -0.547297 1 0 1 2.5 0.00140766 0.00071509
0.00500501 -0.546734 1 0 1 2.5 0.00140766 0.00071509
0.00600601 -0.546171 1 0 1 2.5 0.00140766 0.00071509
0.00700701 -0.545608 1 0 1 2.5 0.00140766 0.00071509
0.00800801 -0.545045 1 0 1 2.5 0.00140766 0.00071509
0.00900901 -0.544482 1 0 1 2.5 0.00140766 0.00071509
0.01001 -0.543919 1 0 1 2.5 0.00140766 0.00071509
0.011011 -0.543356 1 0 1 2.5 0.00140766 0.00071509
0.012012 -0.542793 1 0 1 2.5 0.00140766 0.00071509
0.013013 -0.54223 1 0 1 2.5 0.00140766 0.00071509
0.014014 -0.541667 1 0 1 2.5 0.00140766 0.00071509
0.015015 -0.541104 1 0 1 2.5 0.00140766 0.00071509
0.016016 -0.540541 1 0 1 2.5 0.00140766 0.00071509
0.017017 -0.539977 1 0 1 2.5 0.00140766 0.00071509
0.018018 -0.539414 1 0 1 2.5 0.00140766 0.00071509
0.019019 -0.538851 1 0 1 2.5 0.00140766 0.00071509
0.02002 -0.538288 1 0 1 2.5 0.00140766 0.00071509
0.021021 -0.537725 1 0 1 2.5 0.00140766 0.00071509
0.022022 -0.537162 1 0 1 2.5 0.00140766 0.00071509
0.023023 -0.536599 1 0 1 2.5 0.00140766 0.00071509
0.024024 -0.536036 1 0 1 2.5 0.00140766 0.00071509
0.025025 -0.535473 1 0 1 2.5 0.00140766 0.00071509
0.026026 -0.53491 1 0 1 2.5 0.00140766 0.00071509
0.027027 -0.534347 1 0 1 2.5 0.00140766 0.00071509
0.028028 -0.533784 1 0 1 2.5 0.00140766 0.00071509
0.029029 -0.533221 1 0 1 2.5 0.00140766 0.00071509
0.03003 -0.532658 1 0 1 2.5 0.00140766 0.00071509
0.031031 -0.532095 1 0 1 2.5 0.00140766 0.00071509
0.032032 -0.531532 1 0 1 2.5 0.00140766 0.00071509
0.033033 -0.530968 1 0 1 2.5 0.00140766 0.00071509
0.034034 -0.530405 1 0 1 2.5 0.00140766 0.00071509
0.035035 -0.529842 1 0 1 2.5 0.00140766 0.00071509
0.036036 -0.529279 1 0 1 2.5 0.00140766 0.00071509
0.037037 -0.528716 1 0 1 2.5 0.00140766 0.00071509
0.038038 -0.528153 1 0 1 2.5 0.00140766 0.00071509
0.039039 -0.52759 1 0 1 2.5 0.00140766 0.00071509
0.04004 -0.527027 1 0 1 2.5 0.00140766 0.00071509
0.041041 -0.526464 1 0 1 2.5 0.00140766 0.00071509
0.042042 -0.525901 1 0 1 2.5 0.00140766 0.00071509
0.043043 -0.525338 1 0 1 2.5 0.00140766 0.00071509
0.044044 -0.524775 1 0 1 2.5 0.00140766 0.00071509
0.045045 -0.524212 1 0 1 2.5 0.00140766 0.00071509
0.046046 -0.523649 1 0 1 2.5 0.00140766 0.00071509
0.047047 -0.523086 1 0 1 2.5 0.00140766 0.00071509
0.048048 -0.522523 1 0 1 2.5 0.00140766 0.00071509
0.049049 -0.521959 1 0 1 2.5 0.00140766 0.00071509
0.0500501 -0.521396 1 0 1 2.5 0.00140766 0.00071509
0.0510511 -0.520833 1 0 1 2.5 0.00140766 0.00071509
0.0520521 -0.52027 1 0 1 2.5 0.00140766 0.00071509
0.0530531 -0.519707 1 0 1 2.5 0.00140766 0.00071509
0.0540541 -0.519144 1 0 1 2.5 0.00140766 0.00071509
0.0550551 -0.518581 1 0 1 2.5 0.00140766 0.00071509
0.0560561 -0.518018 1 0 1 2.5 0.00140766 0.00071509
0.0570571 -0.517455 1 0 1 2.5 0.00140766 0.00071509
0.0580581 -0.516892 1 0 1 2.5 0.00140766 0.00071509
0.0590591 -0.516329 1 0 1 2.5 0.00140766 0.00071509
0.0600601 -0.515766 1 0 1 2.5 0.00140766 0.00071509
0.0610611 -0.515203 1 0 1 2.5 0.00140766 0.00071509
0.0620621 -0.51464 1 0 1 2.5 0.00140766 0.00071509
0.0630631 -0.514077 1 0 1 2.5 0.00140766 0.00071509
0.0640641 -0.513514 1 0 1 2.5 0.00140766 0.00071509
0.0650651 -0.51295 1 0 1 2.5 0.00140766 0.00071509
0.0660661 -0.512387 1 0 1 2.5 0.00140766 0.00071509
0.0670671 -0.511824 1 0 1 2.5 0.00140766 0.00071509
0.0680681 -0.511261 1 0 1 2.5 0.00140766 0.00071509
0.0690691 -0.510698 1 0 1 2.5 0.00140766 0.00071509
0.0700701 -0.510135 1 0 1 2.5 0.00140766 0.00071509
0.0710711 -0.509572 1 0 1 2.5 0.00140766 0.00071509
0.0720721 -0.509009 1 0 1 2.5 0.00140766 0.00071509
0.0730731 -0.508446 1 0 1 2.5 0.00140766 0.00071509
0.0740741 -0.507883 1 0 1 2.5 0.00140766 0.00071509
0.0750751 -0.50732 1 0 1 2.5 0.00140766 0.00071509
0.0760761 -0.506757 1 0 1 2.5 0.00140766 0.00071509
0.0770771 -0.506194 1 0 1 2.5 0.00140766 0.00071509
0.0780781 -0.505631 1 0 1 2.5 0.00140766 0.00071509
0.0790791 -0.505068 1 0 1 2.5 0.00140766 0.00071509
0.0800801 -0.504505 1 0 1 2.5 0.00140766 0.00071509
0.0810811 -0.503941 1 0 1 2.5 0.00140766 0.00071509
0.0820821 -0.503378 1 0 1 2.5 0.00140766 0.00071509
0.0830831 -0.502815 1 0 1 2.5 0.00140766 0.00071509
0.0840841 -0.502252 1 0 1 2.5 0.00140766 0.00071509
0.0850851 -0.501689 1 0 1 2.5 0.00140766 0.00071509
0.0860861 -0.501126 1 0 1 2.5 0.00140766 0.00071509
0.0870871 -0.500563 1 0 1 2.5 0.00140766 0.00071509
0.0880881 -0.499999 1.00258 1.06937e-09 1.00231 2.49933 0.00140728 0.000713249
0.0890891 -0.499436 1.00288 -3.79845e-10 1.00279 2.49978 0.00140753 0.000713037
0.0900901 -0.498873 1.00297 -4.90708e-10 1.00297 2.5 0.00140766 0.00071297
0.0910911 -0.49831 1.00293 3.09679e-10 1.00293 2.49999 0.00140765 0.000713
0.0920921 -0.497747 1.00295 1.24e-09 1.00295 2.50001 0.00140766 0.000712989
0.0930931 -0.497184 1.00294 8.57128e-11 1.00294 2.5 0.00140766 0.000712996
0.0940941 -0.496621 1.00294 -5.11077e-10 1.00294 2.5 0.00140766 0.000712993
0.0950951 -0.496058 1.00294 5.93613e-10 1.00294 2.5 0.00140766 0.000712994
0.0960961 -0.495495 1.00294 8.72341e-10 1.00294 2.5 0.00140766 0.000712993
0.0970971 -0.494932 1.00294 7.61866e-10 1.00294 2.5 0.00140766 0.000712994
0.0980981 -0.494369 1.00294 1.25621e-10 1.00294 2.5 0.00140766 0.000712994
0.0990991 -0.493806 1.00294 8.86702e-10 1.00294 2.5 0.00140766 0.000712994
0.1001 -0.493242 1.00294 8.52513e-10 1.00294 2.5 0.00140766 0.000712994
0.101101 -0.492679 1.00294 1.18613e-09 1.00294 2.5 0.00140766 0.000712994
0.102102 -0.492116 1.00294 5.84176e-10 1.00294 2.5 0.00140766 0.000712994
0.103103 -0.491553 1.00294 1.60944e-09 1.00294 2.5 0.00140766 0.000712994
0.104104 -0.49099 1.00294 2.24377e-09 1.00294 2.5 0.00140766 0.000712994
0.105105 -0.490427 1.00294 1.86347e-09 1.00294 2.5 0.00140766 0.000712994
0.106106 -0.489864 1.00294 1.05773e-09 1.00294 2.5 0.00140766 0.000712994
0.107107 -0.489301 1.00294 2.65015e-09 1.00294 2.5 0.00140766 0.000712994
0.108108 -0.488738 1.00294 3.63979e-09 1.00294 2.5 0.00140766 0.000712994
0.109109 -0.488175 1.00294 3.78456e-09 1.00294 2.5 0.00140766 0.000712994
0.11011 -0.487612 1.00294 2.93775e-09 1.00294 2.5 0.00140766 0.000712994
0.111111 -0.487049 1.00294 3.89742e-09 1.00294 2.5 0.00140766 0.000712994
0.112112 -0.486486 1.00294 5.03105e-09 1.00294 2.5 0.00140766 0.000712994
0.113113 -0.485923 1.00294 6.30414e-09 1.00294 2.5 0.00140766 0.000712994
0.114114 -0.48536 1.00294 5.87983e-09 1.00294 2.5 0.00140766 0.000712994
0.115115 -0.484797 1.00294 5.7191e-09 1.00294 2.5 0.00140766 0.000712994
0.116116 -0.484233 1.00294 7.49586e-09 1.00294 2.5 0.00140766 0.000712994
0.117117 -0.48367 1.00294 8.61239e-09 1.00294 2.5 0.00140766 0.000712994
0.118118 -0.483107 1.00294 8.89127e-09 1.00294 2.5 0.00140766 0.000712994
0.119119 -0.482544 1.00294 8.50816e-09 1.00294 2.5 0.00140766 0.000712994
0.12012 -0.481981 1.00294 9.94815e-09 1.00294 2.5 0.00140766 0.000712994
0.121121 -0.481418 1.00294 1.09598e-08 1.00294 2.5 0.00140766 0.000712994
0.122122 -0.480855 1.00294 1.14813e-08 1.00294 2.5 0.00140766 0.000712994
0.123123 -0.480292 1.00294 1.1466e-08 1.00294 2.5 0.00140766 0.000712994
0.124124 -0.479729 1.00294 1.20348e-08 1.00294 2.5 0.00140766 0.000712994
0.125125 -0.479166 1.00294 1.2371e-08 1.00294 2.5 0.00140766 0.000712994
0.126126 -0.478603 1.00294 1.31095e-08 1.00294 2.5 0.00140766 0.000712994
0.127127 -0.47804 1.00294 1.35333e-08 1.00294 2.5 0.00140766 0.000712994
0.128128 -0.477477 1.00294 1.30115e-08 1.00294 2.5 0.00140766 0.000712994
0.129129 -0.476914 1.00294 1.32804e-08 1.00294 2.5 0.00140766 0.000712994
0.13013 -0.476351 1.00294 1.33672e-08 1.00294 2.5 0.00140766 0.000712994
0.131131 -0.475787 1.00294 1.33429e-08 1.00294 2.5 0.00140766 0.000712994
0.132132 -0.475224 1.00294 1.27139e-08 1.00294 2.5 0.00140766 0.000712994
0.133133 -0.474661 1.00294 1.30168e-08 1.00294 2.5 0.00140766 0.000712994
0.134134 -0.474098 1.00294 1.18662e-08 1.00294 2.5 0.00140766 0.000712994
0.135135 -0.473535 1.00294 1.1906e-08 1.00294 2.5 0.00140766 0.000712994
0.136136 -0.472972 1.00294 1.11303e-08 1.00294 2.5 0.00140766 0.000712994
0.137137 -0.472409 1.00294 1.072e-08 1.00294 2.5 0.00140766 0.000712994
0.138138 -0.471846 1.00294 1.01992e-08 1.00294 2.5 0.00140766 0.000712994
0.139139 -0.471283 1.00294 7.76394e-09 1.00294 2.5 0.00140766 0.000712994
0.14014 -0.47072 1.00294 8.79408e-09 1.00294 2.5 0.00140766 0.000712994
0.141141 -0.470157 1.00294 7.77251e-09 1.00294 2.5 0.00140766 0.000712994
0.142142 -0.469594 1.00294 6.83292e-09 1.00294 2.5 0.00140766 0.000712994
0.143143 -0.469031 1.00294 4.32797e-09 1.00294 2.5 0.00140766 0.000712994
0.144144 -0.468468 1.00294 5.10521e-09 1.00294 2.5 0.00140766 0.000712994
0.145145 -0.467905 1.00294 3.74704e-09 1.00294 2.5 0.00140766 0.000712994
0.146146 -0.467342 1.00294 3.2045e-09 1.00294 2.5 0.00140766 0.000712994
0.147147 -0.466778 1.00294 5.38437e-10 1.00294 2.5 0.00140766 0.000712994
0.148148 -0.466215 1.00294 1.53536e-09 1.00294 2.5 0.00140766 0.000712994
0.149149 -0.465652 1.00294 5.35462e-10 1.00294 2.5 0.00140766 0.000712994
0.15015 -0.465089 1.00294 -2.59223e-10 1.00294 2.5 0.00140766 0.000712994
0.151151 -0.464526 1.00294 -1.89176e-09 1.00294 2.5 0.00140766 0.000712994
0.152152 -0.463963 1.00294 -1.72077e-09 1.00294 2.5 0.00140766 0.000712994
0.153153 -0.4634 1.00294 -2.97892e-09 1.00294 2.5 0.00140766 0.000712994
0.154154 -0.462837 1.00294 -2.42617e-09 1.00294 2.5 0.00140766 0.000712994
0.155155 -0.462274 1.00294 -2.21936e-09 1.00294 2.5 0.00140766 0.000712994
0.156156 -0.461711 1.00294 -2.56157e-09 1.00294 2.5 0.00140766 0.000712994
0.157157 -0.461148 1.00294 -4.42511e-09 1.00294 2.5 0.00140766 0.000712994
0.158158 -0.460585 1.00294 -3.91538e-09 1.00294 2.5 0.00140766 0.000712994
0.159159 -0.460022 1.00294 -2.91931e-09 1.00294 2.5 0.00140766 0.000712994
0.16016 -0.459459 1.00294 -9.16365e-10 1.00294 2.5 0.00140766 0.000712994
0.161161 -0.458896 1.00294 -3.46477e-09 1.00294 2.5 0.00140766 0.000712994
0.162162 -0.458333 1.00294 -3.89088e-09 1.00294 2.5 0.00140766 0.000712994
0.163163 -0.457769 1.00294 -2.87547e-09 1.00294 2.5 0.00140766 0.000712994
0.164164 -0.457206 1.00294 5.70852e-11 1.00294 2.5 0.00140766 0.000712994
0.165165 -0.456643 1.00294 -1.02414e-09 1.00294 2.5 0.00140766 0.000712994
0.166166 -0.45608 1.00294 -3.06258e-09 1.00294 2.5 0.00140766 0.000712994
0.167167 -0.455517 1.00294 -2.36915e-09 1.00294 2.5 0.00140766 0.000712994
0.168168 -0.454954 1.00294 -6.36797e-10 1.00294 2.5 0.00140766 0.000712994
0.169169 -0.454391 1.00294 1.68335e-10 1.00294 2.5 0.00140766 0.000712994
0.17017 -0.453828 1.00294 -2.29709e-09 1.00294 2.5 0.00140766 0.000712994
0.171171 -0.453265 1.00294 -1.81306e-09 1.00294 2.5 0.00140766 0.000712994
0.172172 -0.452702 1.00294 -1.32883e-09 1.00294 2.5 0.00140766 0.000712994
0.173173 -0.452139 1.00294 -1.4033e-09 1.00294 2.5 0.00140766 0.000712994
0.174174 -0.451576 1.00294 -1.92358e-09 1.00294 2.5 0.00140766 0.000712994
0.175175 -0.451013 1.00294 -2.29215e-09 1.00294 2.5 0.00140766 0.000712994
0.176176 -0.45045 1.00294 -2.45765e-09 1.00294 2.5 0.00140766 0.000712994
0.177177 -0.449887 1.00294 -3.30207e-09 1.00294 2.5 0.00140766 0.000712994
0.178178 -0.449324 1.00294 -3.06877e-09 1.00294 2.5 0.00140766 0.000712994
0.179179 -0.44876 1.00294 -3.65946e-09 1.00294 2.5 0.00140766 0.000712994
0.18018 -0.448197 1.00294 -4.23492e-09 1.00294 2.5 0.00140766 0.000712994
0.181181 -0.447634 1.00294 -5.35608e-09 1.00294 2.5 0.00140766 0.000712994
0.182182 -0.447071 1.00294 -5.37384e-09 1.00294 2.5 0.00140766 0.000712994
0.183183 -0.446508 1.00294 -6.44188e-09 1.00294 2.5 0.00140766 0.000712994
0.184184 -0.445945 1.00294 -6.55783e-09 1.00294 2.5 0.00140766 0.000712994
0.185185 -0.445382 1.00294 -8.7903e-09 1.00294 2.5 0.00140766 0.000712994
0.186186 -0.444819 1.00294 -8.22796e-09 1.00294 2.5 0.00140766 0.000712994
0.187187 -0.444256 1.00294 -1.03605e-08 1.00294 2.5 0.00140766 0.000712994
0.188188 -0.443693 1.00294 -9.89627e-09 1.00294 2.5 0.00140766 0.000712994
0.189189 -0.44313 1.00294 -1.23291e-08 1.00294 2.5 0.00140766 0.000712994
0.19019 -0.442567 1.00294 -1.22337e-08 1.00294 2.5 0.00140766 0.000712994
0.191191 -0.442004 1.00294 -1.48744e-08 1.00294 2.5 0.00140766 0.000712994
0.192192 -0.441441 1.00294 -1.48955e-08 1.00294 2.5 0.00140766 0.000712994
0.193193 -0.440878 1.00294 -1.60165e-08 1.00294 2.5 0.00140766 0.000712994
0.194194 -0.440315 1.00294 -1.79995e-08 1.00294 2.5 0.00140766 0.000712994
0.195195 -0.439751 1.00294 -1.81e-08 1.00294 2.5 0.00140766 0.000712994
0.196196 -0.439188 1.00294 -2.24552e-08 1.00294 2.5 0.00140766 0.000712994
0.197197 -0.438625 1.00294 -2.08322e-08 1.00294 2.5 0.00140766 0.000712994
0.198198 -0.438062 1.00294 -2.31466e-08 1.00294 2.5 0.00140766 0.000712994
0.199199 -0.437499 1.00294 -2.34721e-08 1.00294 2.5 0.00140766 0.000712994
0.2002 -0.436936 1.00294 -2.7642e-08 1.00294 2.5 0.00140766 0.000712994
0.201201 -0.436373 1.00294 -2.64597e-08 1.00294 2.5 0.00140766 0.000712994
0.202202 -0.43581 1.00294 -3.02899e-08 1.00294 2.5 0.00140766 0.000712994
0.203203 -0.435247 1.00294 -2.91975e-08 1.00294 2.5 0.00140766 0.000712994
0.204204 -0.434684 1.00294 -3.15068e-08 1.00294 2.5 0.00140766 0.000712994
0.205205 -0.434121 1.00294 -3.16468e-08 1.00294 2.5 0.00140766 0.000712994
0.206206 -0.433558 1.00294 -3.54555e-08 1.00294 2.5 0.00140766 0.000712994
0.207207 -0.432995 1.00294 -3.4209e-08 1.00294 2.5 0.00140766 0.000712994
0.208208 -0.432432 1.00294 -3.665e-08 1.00294 2.5 0.00140766 0.000712994
0.209209 -0.431869 1.00294 -3.60846e-08 1.00294 2.5 0.00140766 0.000712994
0.21021 -0.431306 1.00294 -3.78339e-08 1.00294 2.5 0.00140766 0.000712994
0.211211 -0.430742 1.00294 -3.76082e-08 1.00294 2.5 0.00140766 0.000712994
0.212212 -0.430179 1.00294 -3.92576e-08 1.00294 2.5 0.00140766 0.000712994
0.213213 -0.429616 1.00294 -3.88741e-08 1.00294 2.5 0.00140766 0.000712994
0.214214 -0.429053 1.00294 -4.01216e-08 1.00294 2.5 0.00140766 0.000712994
0.215215 -0.42849 1.00294 -3.96305e-08 1.00294 2.5 0.00140766 0.000712994
0.216216 -0.427927 1.00294 -3.87261e-08 1.00294 2.5 0.00140766 0.000712994
0.217217 -0.427364 1.00294 -3.63043e-08 1.00294 2.5 0.00140766 0.000712994
0.218218 -0.426801 1.00294 -3.68429e-08 1.00294 2.5 0.00140766 0.000712994
0.219219 -0.426238 1.00294 -3.9286e-08 1.00294 2.5 0.00140766 0.000712994
0.22022 -0.425675 1.00294 -3.74463e-08 1.00294 2.5 0.00140766 0.000712994
0.221221 -0.425112 1.00294 -3.05627e-08 1.00294 2.5 0.00140766 0.000712994
0.222222 -0.424549 1.00294 -2.45525e-08 1.00294 2.5 0.00140766 0.000712994
0.223223 -0.423986 1.00294 -3.64584e-08 1.00294 2.5 0.00140766 0.000712994
0.224224 -0.423423 1.00294 -3.27171e-08 1.00294 2.5 0.00140766 0.000712994
0.225225 -0.42286 1.00294 -2.49406e-08 1.00294 2.5 0.00140766 0.000712994
0.226226 -0.422297 1.00294 -1.48878e-08 1.00294 2.5 0.00140766 0.000712994
0.227227 -0.421733 1.00294 -2.51288e-08 1.00294 2.5 0.00140766 0.000712994
0.228228 -0.42117 1.00294 -2.65296e-08 1.00294 2.5 0.00140766 0.000712994
0.229229 -0.420607 1.00294 -2.32881e-08 1.00294 2.5 0.00140766 0.000712994
0.23023 -0.420044 1.00294 -1.3875e-08 1.00294 2.5 0.00140766 0.000712994
0.231231 -0.419481 1.00294 -1.899e-08 1.00294 2.5 0.00140766 0.000712994
0.232232 -0.418918 1.00294 -2.29946e-08 1.00294 2.5 0.00140766 0.000712994
0.233233 -0.418355 1.00294 -2.31494e-08 1.00294 2.5 0.00140766 0.000712994
0.234234 -0.417792 1.00294 -2.06153e-08 1.00294 2.5 0.00140766 0.000712994
0.235235 -0.417229 1.00294 -2.42598e-08 1.00294 2.5 0.00140766 0.000712994
0.236236 -0.416666 1.00294 -2.74383e-08 1.00294 2.5 0.00140766 0.000712994
0.237237 -0.416103 1.00294 -3.30606e-08 1.00294 2.5 0.00140766 0.000712994
0.238238 -0.41554 1.00294 -2.7727e-08 1.00294 2.5 0.00140766 0.000712994
0.239239 -0.414977 1.00294 -2.55317e-08 1.00294 2.5 0.00140766 0.000712994
0.24024 -0.414414 1.00294 -3.44881e-08 1.00294 2.5 0.00140766 0.000712994
0.241241 -0.413851 1.00294 -3.65276e-08 1.00294 2.5 0.00140766 0.000712994
0.242242 -0.413287 1.00294 -4.36493e-08 1.00294 2.5 0.00140766 0.000712994
0.243243 -0.412724 1.00294 -3.63771e-08 1.00294 2.5 0.00140766 0.000712994
0.244244 -0.412161 1.00294 -2.89425e-08 1.00294 2.5 0.00140766 0.000712994
0.245245 -0.411598 1.00294 -3.52525e-08 1.00294 2.5 0.00140766 0.000712994
0.246246 -0.411035 1.00294 -4.69796e-08 1.00294 2.5 0.00140766 0.000712994
0.247247 -0.410472 1.00294 -4.5592e-08 1.00294 2.5 0.00140766 0.000712994
0.248248 -0.409909 1.00294 -3.35919e-08 1.00294 2.5 0.00140766 0.000712994
0.249249 -0.409346 1.00294 -2.045e-08 1.00294 2.5 0.00140766 0.000712994
0.25025 -0.408783 1.00294 -6.05694e-08 1.00294 2.5 0.00140766 0.000712994
0.251251 -0.40822 1.00294 -4.75848e-08 1.00294 2.5 0.00140766 0.000712994
0.252252 -0.407657 1.00294 -4.48917e-08 1.00294 2.5 0.00140766 0.000712994
0.253253 -0.407094 1.00294 -3.76798e-08 1.00294 2.5 0.00140766 0.000712994
0.254254 -0.406531 1.00294 -4.01619e-08 1.00294 2.5 0.00140766 0.000712994
0.255255 -0.405968 1.00294 -6.37765e-08 1.00294 2.5 0.00140766 0.000712994
0.256256 -0.405405 1.00294 -6.28796e-08 1.00294 2.5 0.00140766 0.000712994
0.257257 -0.404842 1.00294 -6.41621e-08 1.00294 2.5 0.00140766 0.000712994
0.258258 -0.404278 1.00294 -4.49883e-08 1.00294 2.5 0.00140766 0.000712994
0.259259 -0.403715 1.00294 -5.69968e-08 1.00294 2.5 0.00140766 0.000712994
0.26026 -0.403152 1.00294 -8.56851e-08 1.00294 2.5 0.00140766 0.000712994
0.261261 -0.402589 1.00294 -9.1073e-08 1.00294 2.5 0.00140766 0.000712994
0.262262 -0.402026 1.00294 -7.63367e-08 1.00294 2.5 0.00140766 0.000712994
0.263263 -0.401463 1.00294 -4.98939e-08 1.00294 2.5 0.00140766 0.000712994
0.264264 -0.4009 1.00294 -6.22879e-08 1.00294 2.5 0.00140766 0.000712994
0.265265 -0.400337 1.00294 -1.14082e-07 1.00294 2.5 0.00140766 0.000712994
0.266266 -0.399774 1.00294 -9.38583e-08 1.00294 2.5 0.00140766 0.000712994
0.267267 -0.399211 1.00294 -6.20732e-08 1.00294 2.5 0.00140766 0.000712994
0.268268 -0.398648 1.00294 -3.90514e-08 1.00294 2.5 0.00140766 0.000712994
0.269269 -0.398085 1.00294 -1.35954e-07 1.00294 2.5 0.00140766 0.000712994
0.27027 -0.397522 1.00294 -9.60169e-08 1.00294 2.5 0.00140766 0.000712994
0.271271 -0.396959 1.00294 -9.54836e-08 1.00294 2.5 0.00140766 0.000712994
0.272272 -0.396396 1.00294 -9.98533e-08 1.00294 2.5 0.00140766 0.000712994
0.273273 -0.395833 1.00294 -6.881e-08 1.00294 2.5 0.00140766 0.000712994
0.274274 -0.395269 1.00294 -1.48439e-07 1.00294 2.5 0.00140766 0.000712994
0.275275 -0.394706 1.00294 -1.49804e-07 1.00294 2.5 0.00140766 0.000712994
0.276276 -0.394143 1.00294 -1.64629e-07 1.00294 2.5 0.00140766 0.000712994
0.277277 -0.39358 1.00294 -1.1571e-07 1.00294 2.5 0.00140766 0.000712994
0.278278 -0.393017 1.00294 -8.06079e-08 1.00294 2.5 0.00140766 0.000712994
0.279279 -0.392454 1.00294 -1.88129e-07 1.00294 2.5 0.00140766 0.000712994
0.28028 -0.391891 1.00294 -2.23732e-07 1.00294 2.5 0.00140766 0.000712994
0.281281 -0.391328 1.00294 -2.01874e-07 1.00294 2.5 0.00140766 0.000712994
0.282282 -0.390765 1.00294 -7.86356e-08 1.00294 2.5 0.00140766 0.000712994
0.283283 -0.390202 1.00294 -9.76906e-08 1.00294 2.5 0.00140766 0.000712994
0.284284 -0.389639 1.00294 -3.21912e-07 1.00294 2.5 0.00140766 0.000712994
0.285285 -0.389076 1.00294 -2.13658e-07 1.00294 2.5 0.00140766 0.000712994
0.286286 -0.388513 1.00294 -1.70361e-07 1.00294 2.5 0.00140766 0.000712994
0.287287 -0.38795 1.00294 -1.39821e-07 1.00294 2.5 0.00140766 0.000712994
0.288288 -0.387387 1.00294 -1.21496e-07 1.00294 2.5 0.00140766 0.000712994
0.289289 -0.386824 1.00294 -2.76858e-07 1.00294 2.5 0.00140766 0.000712994
0.29029 -0.38626 1.00294 -2.8583e-07 1.00294 2.5 0.00140766 0.000712994
0.291291 -0.385697 1.00294 -2.98693e-07 1.00294 2.5 0.00140766 0.000712994
0.292292 -0.385134 1.00294 -9.08744e-08 1.00294 2.5 0.00140766 0.000712994
0.293293 -0.384571 1.00294 -1.08266e-07 1.00294 2.5 0.00140766 0.000712994
0.294294 -0.384008 1.00294 -4.32188e-07 1.00294 2.5 0.00140766 0.000712994
0.295295 -0.383445 1.00294 -4.12035e-07 1.00294 2.5 0.00140766 0.000712994
0.296296 -0.382882 1.00294 -3.12321e-07 1.00294 2.5 0.00140766 0.000712994
0.297297 -0.382319 1.00294 -9.03713e-08 1.00294 2.5 0.00140766 0.000712994
0.298298 -0.381756 1.00294 -1.60924e-07 1.00294 2.5 0.00140766 0.000712994
0.299299 -0.381193 1.00294 -5.9309e-07 1.00294 2.5 0.00140766 0.000712994
0.3003 -0.38063 1.00294 -3.61235e-07 1.00294 2.5 0.00140766 0.000712994
0.301301 -0.380067 1.00294 -1.79463e-07 1.00294 2.5 0.00140766 0.000712994
0.302302 -0.379504 1.00294 -6.18832e-08 1.00294 2.5 0.00140766 0.000712994
0.303303 -0.378941 1.00294 -5.48674e-07 1.00294 2.5 0.00140766 0.000712994
0.304304 -0.378378 1.00294 -3.21875e-07 1.00294 2.5 0.00140766 0.000712994
0.305305 -0.377815 1.00294 -2.7153e-07 1.00294 2.5 0.00140766 0.000712994
0.306306 -0.377251 1.00294 -1.73868e-07 1.00294 2.5 0.00140766 0.000712994
0.307307 -0.376688 1.00294 -1.79276e-07 1.00294 2.5 0.00140766 0.000712994
0.308308 -0.376125 1.00294 -3.05556e-07 1.00294 2.5 0.00140766 0.000712994
0.309309 -0.375562 1.00294 -3.52675e-07 1.00294 2.5 0.00140766 0.000712994
0.31031 -0.374999 1.00294 -2.69402e-07 1.00294 2.5 0.00140766 0.000712994
0.311311 -0.374436 1.00294 2.30561e-08 1.00294 2.5 0.00140766 0.000712994
0.312312 -0.373873 1.00294 -3.84659e-08 1.00294 2.5 0.00140766 0.000712994
0.313313 -0.37331 1.00294 -2.44351e-07 1.00294 2.5 0.00140766 0.000712994
0.314314 -0.372747 1.00294 -2.95472e-07 1.00294 2.5 0.00140766 0.000712994
0.315315 -0.372184 1.00294 -5.2672e-08 1.00294 2.5 0.00140766 0.000712994
0.316316 -0.371621 1.00294 3.06689e-07 1.00294 2.5 0.00140766 0.000712994
0.317317 -0.371058 1.00294 2.857e-07 1.00294 2.5 0.00140766 0.000712994
0.318318 -0.370495 1.00294 -4.53075e-07 1.00294 2.5 0.00140766 0.000712994
0.319319 -0.369932 1.00294 1.01401e-07 1.00294 2.5 0.00140766 0.000712993
0.32032 -0.369369 1.00294 7.91876e-07 1.00294 2.5 0.00140766 0.000712993
0.321321 -0.368806 1.00294 6.92395e-07 1.00294 2.5 0.00140766 0.000712994
0.322322 -0.368242 1.00294 -1.79846e-07 1.00294 2.5 0.00140766 0.000712993
0.323323 -0.367679 1.00294 4.64611e-07 1.00294 2.5 0.00140766 0.000712993
0.324324 -0.367116 1.00294 1.16481e-06 1.00294 2.5 0.00140766 0.000712993
0.325325 -0.366553 1.00294 1.25839e-06 1.00294 2.5 0.00140766 0.000712993
0.326326 -0.36599 1.00294 4.06474e-07 1.00294 2.5 0.00140766 0.000712993
0.327327 -0.365427 1.00294 1.08502e-06 1.00294 2.5 0.00140766 0.000712992
0.328328 -0.364864 1.00294 1.62177e-06 1.00294 2.5 0.00140766 0.000712992
0.329329 -0.364301 1.00294 1.86915e-06 1.00294 2.5 0.00140766 0.000712993
0.33033 -0.363738 1.00294 1.37983e-06 1.00294 2.5 0.00140766 0.000712992
0.331331 -0.363175 1.00294 1.90892e-06 1.00294 2.5 0.00140766 0.000712991
0.332332 -0.362612 1.00294 2.44756e-06 1.00294 2.5 0.00140766 0.000712992
0.333333 -0.362049 1.00294 2.53388e-06 1.00294 2.5 0.00140766 0.000712992
0.334334 -0.361486 1.00294 2.52845e-06 1.00295 2.5 0.00140766 0.000712991
0.335335 -0.360923 1.00294 2.92223e-06 1.00295 2.5 0.00140766 0.000712991
0.336336 -0.36036 1.00294 3.74643e-06 1.00295 2.5 0.00140766 0.000712991
0.337337 -0.359797 1.00294 3.32349e-06 1.00295 2.5 0.00140766 0.000712991
0.338338 -0.359233 1.00295 3.84878e-06 1.00295 2.50001 0.00140766 0.00071299
0.339339 -0.35867 1.00295 4.3656e-06 1.00295 2.50001 0.00140766 0.000712989
0.34034 -0.358107 1.00295 5.13278e-06 1.00295 2.50001 0.00140766 0.000712989
0.341341 -0.357544 1.00295 4.54925e-06 1.00295 2.50001 0.00140766 0.000712989
0.342342 -0.356981 1.00295 5.41085e-06 1.00295 2.50001 0.00140766 0.000712988
0.343343 -0.356418 1.00295 6.13274e-06 1.00295 2.50001 0.00140766 0.000712988
0.344344 -0.355855 1.00295 6.8971e-06 1.00295 2.50001 0.00140766 0.000712988
0.345345 -0.355292 1.00295 5.9402e-06 1.00295 2.50001 0.00140766 0.000712988
0.346346 -0.354729 1.00295 7.0912e-06 1.00295 2.50001 0.00140766 0.000712987
0.347347 -0.354166 1.00295 8.42518e-06 1.00296 2.50001 0.00140766 0.000712986
0.348348 -0.353603 1.00295 8.9681e-06 1.00296 2.50001 0.00140766 0.000712986
0.349349 -0.35304 1.00295 7.55971e-06 1.00296 2.50001 0.00140766 0.000712986
0.35035 -0.352477 1.00295 9.05425e-06 1.00296 2.50001 0.00140766 0.000712985
0.351351 -0.351914 1.00295 1.08167e-05 1.00296 2.50001 0.00140767 0.000712984
0.352352 -0.351351 1.00295 1.11873e-05 1.00296 2.50001 0.00140767 0.000712984
0.353353 -0.350788 1.00295 9.64145e-06 1.00296 2.50001 0.00140767 0.000712984
0.354354 -0.350225 1.00295 1.13356e-05 1.00296 2.50002 0.00140767 0.000712983
0.355355 -0.349661 1.00296 1.30568e-05 1.00296 2.50002 0.00140767 0.000712982
0.356356 -0.349098 1.00296 1.34446e-05 1.00296 2.50002 0.00140767 0.000712982
0.357357 -0.348535 1.00296 1.2038e-05 1.00296 2.50002 0.00140767 0.000712982
0.358358 -0.347972 1.00296 1.36425e-05 1.00296 2.50002 0.00140767 0.000712981
0.359359 -0.347409 1.00296 1.52431e-05 1.00297 2.50002 0.00140767 0.00071298
0.36036 -0.346846 1.00296 1.5667e-05 1.00297 2.50002 0.00140767 0.00071298
0.361361 -0.346283 1.00296 1.44748e-05 1.00297 2.50002 0.00140767 0.00071298
0.362362 -0.34572 1.00296 1.58323e-05 1.00297 2.50002 0.00140767 0.000712979
0.363363 -0.345157 1.00296 1.72014e-05 1.00297 2.50002 0.00140767 0.000712978
0.364364 -0.344594 1.00296 1.77155e-05 1.00297 2.50002 0.00140767 0.000712978
0.365365 -0.344031 1.00296 1.67465e-05 1.00297 2.50002 0.00140767 0.000712978
0.366366 -0.343468 1.00296 1.77028e-05 1.00297 2.50002 0.00140767 0.000712977
0.367367 -0.342905 1.00296 1.87825e-05 1.00297 2.50002 0.00140767 0.000712977
0.368368 -0.342342 1.00296 1.92597e-05 1.00297 2.50002 0.00140767 0.000712977
0.369369 -0.341779 1.00296 1.87707e-05 1.00297 2.50002 0.00140767 0.000712977
0.37037 -0.341216 1.00296 1.91143e-05 1.00297 2.50002 0.00140767 0.000712976
0.371371 -0.340653 1.00296 1.98205e-05 1.00297 2.50003 0.00140767 0.000712976
0.372372 -0.34009 1.00297 2.0143e-05 1.00298 2.50003 0.00140767 0.000712976
0.373373 -0.339527 1.00297 2.01305e-05 1.00298 2.50003 0.00140767 0.000712976
0.374374 -0.338964 1.00297 2.01649e-05 1.00298 2.50003 0.00140767 0.000712976
0.375375 -0.3384 1.00297 2.02998e-05 1.00298 2.50003 0.00140767 0.000712976
0.376376 -0.337837 1.00297 2.03825e-05 1.00298 2.50003 0.00140767 0.000712976
0.377377 -0.337274 1.00297 2.0494e-05 1.00298 2.50003 0.00140767 0.000712976
0.378378 -0.336711 1.00297 2.03179e-05 1.00298 2.50003 0.00140767 0.000712976
0.379379 -0.336148 1.00297 2.02751e-05 1.00298 2.50003 0.00140767 0.000712976
0.38038 -0.335585 1.00297 2.01297e-05 1.00298 2.50003 0.00140767 0.000712976
0.381381 -0.335022 1.00296 2.02182e-05 1.00297 2.50003 0.00140767 0.000712976
0.382382 -0.334459 1.00296 1.99604e-05 1.00297 2.50002 0.00140767 0.000712976
0.383383 -0.333896 1.00296 1.95195e-05 1.00297 2.50002 0.00140767 0.000712977
0.384384 -0.333333 1.00296 1.97025e-05 1.00297 2.50002 0.00140767 0.000712977
0.385385 -0.33277 1.00296 1.90811e-05 1.00297 2.50002 0.00140767 0.000712977
0.386386 -0.332207 1.00296 1.91667e-05 1.00297 2.50002 0.00140767 0.000712977
0.387387 -0.331644 1.00296 1.83731e-05 1.00297 2.50002 0.00140767 0.000712978
0.388388 -0.331081 1.00296 1.86316e-05 1.00297 2.50002 0.00140767 0.000712978
0.389389 -0.330518 1.00296 1.77035e-05 1.00297 2.50002 0.00140767 0.000712978
0.39039 -0.329955 1.00296 1.78909e-05 1.00297 2.50002 0.00140767 0.000712979
0.391391 -0.329392 1.00296 1.68757e-05 1.00297 2.50002 0.00140767 0.000712979
0.392392 -0.328829 1.00296 1.70488e-05 1.00297 2.50002 0.00140767 0.00071298
0.393393 -0.328266 1.00296 1.59916e-05 1.00297 2.50002 0.00140767 0.00071298
0.394394 -0.327703 1.00296 1.63777e-05 1.00297 2.50002 0.00140767 0.00071298
0.395395 -0.327139 1.00296 1.50802e-05 1.00297 2.50002 0.00140767 0.000712981
0.396396 -0.326576 1.00296 1.5068e-05 1.00297 2.50002 0.00140767 0.000712981
0.397397 -0.326013 1.00296 1.41061e-05 1.00296 2.50002 0.00140767 0.000712982
0.398398 -0.32545 1.00296 1.45536e-05 1.00296 2.50002 0.00140767 0.000712982
0.399399 -0.324887 1.00296 1.31563e-05 1.00296 2.50002 0.00140767 0.000712983
0.4004 -0.324324 1.00296 1.30145e-05 1.00296 2.50002 0.00140767 0.000712983
0.401401 -0.323761 1.00296 1.20996e-05 1.00296 2.50001 0.00140767 0.000712983
0.402402 -0.323198 1.00295 1.25085e-05 1.00296 2.50001 0.00140767 0.000712984
0.403403 -0.322635 1.00295 1.1157e-05 1.00296 2.50001 0.00140767 0.000712984
0.404404 -0.322072 1.00295 1.09926e-05 1.00296 2.50001 0.00140766 0.000712985
0.405405 -0.321509 1.00295 1.00836e-05 1.00296 2.50001 0.00140766 0.000712985
0.406406 -0.320946 1.00295 1.04624e-05 1.00296 2.50001 0.00140766 0.000712986
0.407407 -0.320383 1.00295 9.18096e-06 1.00296 2.50001 0.00140766 0.000712986
0.408408 -0.31982 1.00295 9.03577e-06 1.00295 2.50001 0.00140766 0.000712986
0.409409 -0.319257 1.00295 8.17246e-06 1.00295 2.50001 0.00140766 0.000712987
0.41041 -0.318694 1.00295 8.51436e-06 1.00295 2.50001 0.00140766 0.000712987
0.411411 -0.318131 1.00295 7.33935e-06 1.00295 2.50001 0.00140766 0.000712988
0.412412 -0.317568 1.00295 7.21974e-06 1.00295 2.50001 0.00140766 0.000712988
0.413413 -0.317004 1.00295 6.44566e-06 1.00295 2.50001 0.00140766 0.000712988
0.414414 -0.316441 1.00295 6.69316e-06 1.00295 2.50001 0.00140766 0.000712989
0.415415 -0.315878 1.00295 5.76947e-06 1.00295 2.50001 0.00140766 0.000712989
0.416416 -0.315315 1.00295 5.48399e-06 1.00295 2.50001 0.00140766 0.000712989
0.417417 -0.314752 1.00295 5.27239e-06 1.00295 2.50001 0.00140766 0.00071299
0.418418 -0.314189 1.00295 4.63275e-06 1.00295 2.50001 0.00140766 0.00071299
0.419419 -0.313626 1.00295 4.72457e-06 1.00295 2.50001 0.00140766 0.00071299
0.42042 -0.313063 1.00295 3.93968e-06 1.00295 2.5 0.00140766 0.00071299
0.421421 -0.3125 1.00294 4.03642e-06 1.00295 2.5 0.00140766 0.000712991
0.422422 -0.311937 1.00294 3.37723e-06 1.00295 2.5 0.00140766 0.000712991
0.423423 -0.311374 1.00294 3.5218e-06 1.00295 2.5 0.00140766 0.000712991
0.424424 -0.310811 1.00294 2.8707e-06 1.00295 2.5 0.00140766 0.000712991
0.425425 -0.310248 1.00294 2.90346e-06 1.00294 2.5 0.00140766 0.000712992
0.426426 -0.309685 1.00294 2.4168e-06 1.00294 2.5 0.00140766 0.000712992
0.427427 -0.309122 1.00294 2.56111e-06 1.00294 2.5 0.00140766 0.000712992
0.428428 -0.308559 1.00294 2.03075e-06 1.00294 2.5 0.00140766 0.000712992
0.429429 -0.307995 1.00294 2.02109e-06 1.00294 2.5 0.00140766 0.000712992
0.43043 -0.307432 1.00294 1.7484e-06 1.00294 2.5 0.00140766 0.000712992
0.431431 -0.306869 1.00294 1.62294e-06 1.00294 2.5 0.00140766 0.000712992
0.432432 -0.306306 1.00294 1.55938e-06 1.00294 2.5 0.00140766 0.000712993
0.433433 -0.305743 1.00294 1.2512e-06 1.00294 2.5 0.00140766 0.000712993
0.434434 -0.30518 1.00294 1.29163e-06 1.00294 2.5 0.00140766 0.000712993
0.435435 -0.304617 1.00294 1.02012e-06 1.00294 2.5 0.00140766 0.000712993
0.436436 -0.304054 1.00294 1.06168e-06 1.00294 2.5 0.00140766 0.000712993
0.437437 -0.303491 1.00294 8.24168e-07 1.00294 2.5 0.00140766 0.000712993
0.438438 -0.302928 1.00294 8.47363e-07 1.00294 2.5 0.00140766 0.000712993
0.439439 -0.302365 1.00294 6.61552e-07 1.00294 2.5 0.00140766 0.000712993
0.44044 -0.301802 1.00294 6.91458e-07 1.00294 2.5 0.00140766 0.000712993
0.441441 -0.301239 1.00294 5.28887e-07 1.00294 2.5 0.00140766 0.000712993
0.442442 -0.300676 1.00294 5.27368e-07 1.00294 2.5 0.00140766 0.000712993
0.443443 -0.300113 1.00294 4.4747e-07 1.00294 2.5 0.00140766 0.000712993
0.444444 -0.29955 1.00294 3.82445e-07 1.00294 2.5 0.00140766 0.000712993
0.445445 -0.298986 1.00294 3.79131e-07 1.00294 2.5 0.00140766 0.000712994
0.446446 -0.298423 1.00294 2.85541e-07 1.00294 2.5 0.00140766 0.000712994
0.447447 -0.29786 1.00294 2.96562e-07 1.00294 2.5 0.00140766 0.000712994
0.448448 -0.297297 1.00294 2.21202e-07 1.00294 2.5 0.00140766 0.000712994
0.449449 -0.296734 1.00294 2.30371e-07 1.00294 2.5 0.00140766 0.000712994
0.45045 -0.296171 1.00294 1.69827e-07 1.00294 2.5 0.00140766 0.000712994
0.451451 -0.295608 1.00294 1.75042e-07 1.00294 2.5 0.00140766 0.000712994
0.452452 -0.295045 1.00294 1.32372e-07 1.00294 2.5 0.00140766 0.000712994
0.453453 -0.294482 1.00294 1.264e-07 1.00294 2.5 0.00140766 0.000712994
0.454454 -0.293919 1.00294 1.10295e-07 1.00294 2.5 0.00140766 0.000712994
0.455455 -0.293356 1.00294 8.57544e-08 1.00294 2.5 0.00140766 0.000712994
0.456456 -0.292793 1.00294 8.72829e-08 1.00294 2.5 0.00140766 0.000712994
0.457457 -0.29223 1.00294 6.25962e-08 1.00294 2.5 0.00140766 0.000712994
0.458458 -0.291667 1.00294 6.52109e-08 1.00294 2.5 0.00140766 0.000712994
0.459459 -0.291104 1.00294 4.62959e-08 1.00294 2.5 0.00140766 0.000712994
0.46046 -0.290541 1.00294 4.80877e-08 1.00294 2.5 0.00140766 0.000712994
0.461461 -0.289977 1.00294 3.39217e-08 1.00294 2.5 0.00140766 0.000712994
0.462462 -0.289414 1.00294 3.51691e-08 1.00294 2.5 0.00140766 0.000712994
0.463463 -0.288851 1.00294 2.51481e-08 1.00294 2.5 0.00140766 0.000712994
0.464464 -0.288288 1.00294 2.42524e-08 1.00294 2.5 0.00140766 0.000712994
0.465465 -0.287725 1.00294 2.00193e-08 1.00294 2.5 0.00140766 0.000712994
0.466466 -0.287162 1.00294 1.55003e-08 1.00294 2.5 0.00140766 0.000712994
0.467467 -0.286599 1.00294 1.54793e-08 1.00294 2.5 0.00140766 0.000712994
0.468468 -0.286036 1.00294 1.05969e-08 1.00294 2.5 0.00140766 0.000712994
0.469469 -0.285473 1.00294 1.10333e-08 1.00294 2.5 0.00140766 0.000712994
0.47047 -0.28491 1.00294 7.48039e-09 1.00294 2.5 0.00140766 0.000712994
0.471471 -0.284347 1.00294 7.75149e-09 1.00294 2.5 0.00140766 0.000712994
0.472472 -0.283784 1.00294 5.30156e-09 1.00294 2.5 0.00140766 0.000712994
0.473473 -0.283221 1.00294 5.18772e-09 1.00294 2.5 0.00140766 0.000712994
0.474474 -0.282658 1.00294 4.03528e-09 1.00294 2.5 0.00140766 0.000712994
0.475475 -0.282095 1.00294 3.17095e-09 1.00294 2.5 0.00140766 0.000712994
0.476476 -0.281532 1.00294 3.06124e-09 1.00294 2.5 0.00140766 0.000712994
0.477477 -0.280968 1.00294 2.03216e-09 1.00294 2.5 0.00140766 0.000712994
0.478478 -0.280405 1.00294 2.11317e-09 1.00294 2.5 0.00140766 0.000712994
0.479479 -0.279842 1.00294 1.37746e-09 1.00294 2.5 0.00140766 0.000712994
0.48048 -0.279279 1.00294 1.42139e-09 1.00294 2.5 0.00140766 0.000712994
0.481481 -0.278716 1.00294 9.51397e-10 1.00294 2.5 0.00140766 0.000712994
0.482482 -0.278153 1.00294 8.89284e-10 1.00294 2.5 0.00140766 0.000712994
0.483483 -0.27759 1.00294 7.11355e-10 1.00294 2.5 0.00140766 0.000712994
0.484484 -0.277027 1.00294 5.17627e-10 1.00294 2.5 0.00140766 0.000712994
0.485485 -0.276464 1.00294 5.11342e-10 1.00294 2.5 0.00140766 0.000712994
0.486486 -0.275901 1.00294 3.24346e-10 1.00294 2.5 0.00140766 0.000712994
0.487487 -0.275338 1.00294 3.35918e-10 1.00294 2.5 0.00140766 0.000712994
0.488488 -0.274775 1.00294 2.12423e-10 1.00294 2.5 0.00140766 0.000712994
0.489489 -0.274212 1.00294 2.12878e-10 1.00294 2.5 0.00140766 0.000712994
0.49049 -0.273649 1.00294 1.46639e-10 1.00294 2.5 0.00140766 0.000712994
0.491491 -0.273086 1.00294 1.23397e-10 1.00294 2.5 0.00140766 0.000712994
0.492492 -0.272523 1.00294 1.05419e-10 1.00294 2.5 0.00140766 0.000712994
0.493493 -0.271959 1.00294 7.00533e-11 1.00294 2.5 0.00140766 0.000712994
0.494494 -0.271396 1.00294 7.04126e-11 1.00294 2.5 0.00140766 0.000712994
0.495495 -0.270833 1.00294 4.30194e-11 1.00294 2.5 0.00140766 0.000712994
0.496496 -0.27027 1.00294 4.39509e-11 1.00294 2.5 0.00140766 0.000712994
0.497497 -0.269707 1.00294 2.79457e-11 1.00294 2.5 0.00140766 0.000712994
0.498498 -0.269144 1.00294 2.53493e-11 1.00294 2.5 0.00140766 0.000712994
0.499499 -0.268581 1.00294 1.90603e-11 1.00294 2.5 0.00140766 0.000712994
0.500501 -0.268018 1.00294 1.40742e-11 1.00294 2.5 0.00140766 0.000712994
0.501502 -0.267455 1.00294 1.27433e-11 1.00294 2.5 0.00140766 0.000712994
0.502503 -0.266892 1.00294 7.88775e-12 1.00294 2.5 0.00140766 0.000712994
0.503504 -0.266329 1.00294 7.99258e-12 1.00294 2.5 0.00140766 0.000712994
0.504505 -0.265766 1.00294 4.70406e-12 1.00294 2.5 0.00140766 0.000712994
0.505506 -0.265203 1.00294 4.85949e-12 1.00294 2.5 0.00140766 0.000712994
0.506507 -0.26464 1.00294 2.83116e-12 1.00294 2.5 0.00140766 0.000712994
0.507508 -0.264077 1.00294 2.81945e-12 1.00294 2.5 0.00140766 0.000712994
0.508509 -0.263514 1.00294 1.7144e-12 1.00294 2.5 0.00140766 0.000712994
0.50951 -0.26295 1.00294 1.64531e-12 1.00294 2.5 0.00140766 0.000712994
0.510511 -0.262387 1.00294 1.03561e-12 1.00294 2.5 0.00140766 0.000712994
0.511512 -0.261824 1.00294 9.39633e-13 1.00294 2.5 0.00140766 0.000712994
0.512513 -0.261261 1.00294 6.41903e-13 1.00294 2.5 0.00140766 0.000712994
0.513514 -0.260698 1.00294 4.87385e-13 1.00294 2.5 0.00140766 0.000712994
0.514515 -0.260135 1.00294 4.05693e-13 1.00294 2.5 0.00140766 0.000712994
0.515516 -0.259572 1.00294 2.70425e-13 1.00294 2.5 0.00140766 0.000712994
0.516517 -0.259009 1.00294 2.08395e-13 1.00294 2.5 0.00140766 0.000712994
0.517518 -0.258446 1.00294 1.42133e-13 1.00294 2.5 0.00140766 0.000712994
0.518519 -0.257883 1.00294 1.39232e-13 1.00294 2.5 0.00140766 0.000712994
0.51952 -0.25732 1.00294 1.09774e-13 1.00294 2.5 0.00140766 0.000712994
0.520521 -0.256757 1.00294 5.62288e-14 1.00294 2.5 0.00140766 0.000712994
0.521522 -0.256194 1.00294 3.96631e-14 1.00294 2.5 0.00140766 0.000712994
0.522523 -0.255631 1.00294 3.96401e-14 1.00294 2.5 0.00140766 0.000712994
0.523524 -0.255068 1.00294 4.02291e-14 1.00294 2.5 0.00140766 0.000712994
0.524525 -0.254505 1.00294 5.0555e-14 1.00294 2.5 0.00140766 0.000712994
0.525526 -0.253941 1.00294 1.28388e-15 1.00294 2.5 0.00140766 0.000712994
0.526527 -0.253378 1.00294 8.59432e-15 1.00294 2.5 0.00140766 0.000712994
0.527528 -0.252815 1.00294 4.68649e-14 1.00294 2.5 0.00140766 0.000712994
0.528529 -0.252252 1.00294 1.02352e-14 1.00294 2.5 0.00140766 0.000712994
0.52953 -0.251689 1.00294 -9.19993e-15 1.00294 2.5 0.00140766 0.000712994
0.530531 -0.251126 1.00294 1.05375e-14 1.00294 2.5 0.00140766 0.000712994
0.531532 -0.250563 1.00294 4.67877e-14 1.00294 2.5 0.00140766 0.000712994
0.532533 -0.25 1.00294 1.01298e-14 1.00294 2.5 0.00140766 0.000712994
0.533534 -0.249437 1.00294 5.67314e-15 1.00294 2.5 0.00140766 0.000712994
0.534535 -0.248874 1.00294 -1.06485e-15 1.00294 2.5 0.00140766 0.000712994
0.535536 -0.248311 1.00294 3.99392e-15 1.00294 2.5 0.00140766 0.000712994
0.536537 -0.247748 1.00294 2.3789e-15 1.00294 2.5 0.00140766 0.000712994
0.537538 -0.247185 1.00294 2.88604e-15 1.00294 2.5 0.00140766 0.000712994
0.538539 -0.246622 1.00294 2.51799e-15 1.00294 2.5 0.00140766 0.000712994
0.53954 -0.246059 1.00294 3.53414e-15 1.00294 2.5 0.00140766 0.000712994
0.540541 -0.245495 1.00294 3.27492e-15 1.00294 2.5 0.00140766 0.000712994
0.541542 -0.244932 1.00294 6.00692e-15 1.00294 2.5 0.00140766 0.000712994
0.542543 -0.244369 1.00294 -1.27023e-14 1.00294 2.5 0.00140766 0.000712994
0.543544 -0.243806 1.00294 -7.93817e-14 1.00294 2.5 0.00140766 0.000712994
0.544545 -0.243243 1.00294 -8.93588e-15 1.00294 2.5 0.00140766 0.000712994
0.545546 -0.24268 1.00294 2.38179e-14 1.00294 2.5 0.00140766 0.000712994
0.546547 -0.242117 1.00294 2.01429e-14 1.00294 2.5 0.00140766 0.000712994
0.547548 -0.241554 1.00294 1.84525e-14 1.00294 2.5 0.00140766 0.000712994
0.548549 -0.240991 1.00294 1.13816e-15 1.00294 2.5 0.00140766 0.000712994
0.54955 -0.240428 1.00294 9.55642e-15 1.00294 2.5 0.00140766 0.000712994
0.550551 -0.239865 1.00294 -1.079e-14 1.00294 2.5 0.00140766 0.000712994
0.551552 -0.239302 1.00294 9.20432e-16 1.00294 2.5 0.00140766 0.000712994
0.552553 -0.238739 1.00294 -9.57356e-15 1.00294 2.5 0.00140766 0.000712994
0.553554 -0.238176 1.00294 -8.44013e-15 1.00294 2.5 0.00140766 0.000712994
0.554555 -0.237613 1.00294 -6.94595e-15 1.00294 2.5 0.00140766 0.000712994
0.555556 -0.23705 1.00294 -9.28757e-15 1.00294 2.5 0.00140766 0.000712994
0.556557 -0.236486 1.00294 -1.90266e-15 1.00294 2.5 0.00140766 0.000712994
0.557558 -0.235923 1.00294 4.80135e-15 1.00294 2.5 0.00140766 0.000712994
0.558559 -0.23536 1.00294 2.86851e-15 1.00294 2.5 0.00140766 0.000712994
0.55956 -0.234797 1.00294 -1.64964e-14 1.00294 2.5 0.00140766 0.000712994
0.560561 -0.234234 1.00294 -7.16082e-15 1.00294 2.5 0.00140766 0.000712994
0.561562 -0.233671 1.00294 -7.95921e-15 1.00294 2.5 0.00140766 0.000712994
0.562563 -0.233108 1.00294 -1.00192e-14 1.00294 2.5 0.00140766 0.000712994
0.563564 -0.232545 1.00294 -9.12969e-15 1.00294 2.5 0.00140766 0.000712994
0.564565 -0.231982 1.00294 -1.06431e-14 1.00294 2.5 0.00140766 0.000712994
0.565566 -0.231419 1.00294 -1.61539e-14 1.00294 2.5 0.00140766 0.000712994
0.566567 -0.230856 1.00294 -1.58173e-14 1.00294 2.5 0.00140766 0.000712994
0.567568 -0.230293 1.00294 2.02382e-15 1.00294 2.5 0.00140766 0.000712994
0.568569 -0.22973 1.00294 -2.59861e-14 1.00294 2.5 0.00140766 0.000712994
0.56957 -0.229167 1.00294 2.01583e-14 1.00294 2.5 0.00140766 0.000712994
0.570571 -0.228604 1.00294 7.12871e-14 1.00294 2.5 0.00140766 0.000712994
0.571572 -0.228041 1.00294 -1.17301e-13 1.00294 2.5 0.00140766 0.000712994
0.572573 -0.227477 1.00294 -5.41175e-14 1.00294 2.5 0.00140766 0.000712994
0.573574 -0.226914 1.00294 8.89702e-14 1.00294 2.5 0.00140766 0.000712994
0.574575 -0.226351 1.00294 3.46032e-14 1.00294 2.5 0.00140766 0.000712994
0.575576 -0.225788 1.00294 -6.86159e-14 1.00294 2.5 0.00140766 0.000712994
0.576577 -0.225225 1.00294 -2.51972e-14 1.00294 2.5 0.00140766 0.000712994
0.577578 -0.224662 1.00294 6.44695e-15 1.00294 2.5 0.00140766 0.000712994
0.578579 -0.224099 1.00294 9.89416e-15 1.00294 2.5 0.00140766 0.000712994
0.57958 -0.223536 1.00294 7.61259e-15 1.00294 2.5 0.00140766 0.000712994
0.580581 -0.222973 1.00294 -3.71568e-14 1.00294 2.5 0.00140766 0.000712994
0.581582 -0.22241 1.00294 -6.40568e-14 1.00294 2.5 0.00140766 0.000712994
0.582583 -0.221847 1.00294 1.47736e-14 1.00294 2.5 0.00140766 0.000712994
0.583584 -0.221284 1.00294 -8.47403e-15 1.00294 2.5 0.00140766 0.000712994
0.584585 -0.220721 1.00294 -1.19532e-13 1.00294 2.5 0.00140766 0.000712994
0.585586 -0.220158 1.00294 -5.10464e-14 1.00294 2.5 0.00140766 0.000712994
0.586587 -0.219595 1.00294 -6.35118e-14 1.00294 2.5 0.00140766 0.000712994
0.587588 -0.219032 1.00294 -1.73515e-13 1.00294 2.5 0.00140766 0.000712994
0.588589 -0.218468 1.00294 -2.0007e-13 1.00294 2.5 0.00140766 0.000712994
0.58959 -0.217905 1.00294 -3.35262e-13 1.00294 2.5 0.00140766 0.000712994
0.590591 -0.217342 1.00294 -4.5881e-13 1.00294 2.5 0.00140766 0.000712994
0.591592 -0.216779 1.00294 -6.1218e-13 1.00294 2.5 0.00140766 0.000712994
0.592593 -0.216216 1.00294 -9.64995e-13 1.00294 2.5 0.00140766 0.000712994
0.593594 -0.215653 1.00294 -1.28571e-12 1.00294 2.5 0.00140766 0.000712994
0.594595 -0.21509 1.00294 -2.0949e-12 1.00294 2.5 0.00140766 0.000712994
0.595596 -0.214527 1.00294 -2.59703e-12 1.00294 2.5 0.00140766 0.000712994
0.596597 -0.213964 1.00294 -4.15038e-12 1.00294 2.5 0.00140766 0.000712994
0.597598 -0.213401 1.00294 -5.20043e-12 1.00294 2.5 0.00140766 0.000712994
0.598599 -0.212838 1.00294 -8.3433e-12 1.00294 2.5 0.00140766 0.000712994
0.5996 -0.212275 1.00294 -1.00665e-11 1.00294 2.5 0.00140766 0.000712994
0.600601 -0.211712 1.00294 -1.59016e-11 1.00294 2.5 0.00140766 0.000712994
0.601602 -0.211149 1.00294 -1.97622e-11 1.00294 2.5 0.00140766 0.000712994
0.602603 -0.210586 1.00294 -2.89663e-11 1.00294 2.5 0.00140766 0.000712994
0.603604 -0.210023 1.00294 -3.93573e-11 1.00294 2.5 0.00140766 0.000712994
0.604605 -0.209459 1.00294 -5.1955e-11 1.00294 2.5 0.00140766 0.000712994
0.605606 -0.208896 1.00294 -7.84977e-11 1.00294 2.5 0.00140766 0.000712994
0.606607 -0.208333 1.00294 -8.42772e-11 1.00294 2.5 0.00140766 0.000712994
0.607608 -0.20777 1.00294 -1.4393e-10 1.00294 2.5 0.00140766 0.000712994
0.608609 -0.207207 1.00294 -1.47034e-10 1.00294 2.5 0.00140766 0.000712994
0.60961 -0.206644 1.00294 -2.74776e-10 1.00294 2.5 0.00140766 0.000712994
0.610611 -0.206081 1.00294 -2.55991e-10 1.00294 2.5 0.00140766 0.000712994
0.611612 -0.205518 1.00294 -4.40265e-10 1.00294 2.5 0.00140766 0.000712994
0.612613 -0.204955 1.00294 -4.39875e-10 1.00294 2.5 0.00140766 0.000712994
0.613614 -0.204392 1.00294 -7.93998e-10 1.00294 2.5 0.00140766 0.000712994
0.614615 -0.203829 1.00294 -7.42504e-10 1.00294 2.5 0.00140766 0.000712994
0.615616 -0.203266 1.00294 -1.26517e-09 1.00294 2.5 0.00140766 0.000712994
0.616617 -0.202703 1.00294 -1.25191e-09 1.00294 2.5 0.00140766 0.000712994
0.617618 -0.20214 1.00294 -2.201e-09 1.00294 2.5 0.00140766 0.000712994
0.618619 -0.201577 1.00294 -2.01738e-09 1.00294 2.5 0.00140766 0.000712994
0.61962 -0.201014 1.00294 -3.23828e-09 1.00294 2.5 0.00140766 0.000712994
0.620621 -0.20045 1.00294 -3.32589e-09 1.00294 2.5 0.00140766 0.000712994
0.621622 -0.199887 1.00294 -5.77287e-09 1.00294 2.5 0.00140766 0.000712994
0.622623 -0.199324 1.00294 -5.19399e-09 1.00294 2.5 0.00140766 0.000712994
0.623624 -0.198761 1.00294 -7.85986e-09 1.00294 2.5 0.00140766 0.000712994
0.624625 -0.198198 1.00294 -7.96184e-09 1.00294 2.5 0.00140766 0.000712994
0.625626 -0.197635 1.00294 -1.31654e-08 1.00294 2.5 0.00140766 0.000712994
0.626627 -0.197072 1.00294 -1.23641e-08 1.00294 2.5 0.00140766 0.000712994
0.627628 -0.196509 1.00294 -1.96949e-08 1.00294 2.5 0.00140766 0.000712994
0.628629 -0.195946 1.00294 -1.83721e-08 1.00294 2.5 0.00140766 0.000712994
0.62963 -0.195383 1.00294 -2.72786e-08 1.00294 2.5 0.00140766 0.000712994
0.630631 -0.19482 1.00294 -2.73772e-08 1.00294 2.5 0.00140766 0.000712994
0.631632 -0.194257 1.00294 -3.94902e-08 1.00294 2.5 0.00140766 0.000712994
0.632633 -0.193694 1.00294 -4.65857e-08 1.00294 2.5 0.00140766 0.000712994
0.633634 -0.193131 1.00294 -4.863e-08 1.00294 2.5 0.00140766 0.000712994
0.634635 -0.192568 1.00294 -6.27329e-08 1.00294 2.5 0.00140766 0.000712994
0.635636 -0.192005 1.00294 -6.79428e-08 1.00294 2.5 0.00140766 0.000712994
0.636637 -0.191441 1.00294 -9.76221e-08 1.00294 2.5 0.00140766 0.000712994
0.637638 -0.190878 1.00294 -9.42322e-08 1.00294 2.5 0.00140766 0.000712994
0.638639 -0.190315 1.00294 -1.30812e-07 1.00294 2.5 0.00140766 0.000712994
0.63964 -0.189752 1.00294 -1.22437e-07 1.00294 2.5 0.00140766 0.000712994
0.640641 -0.189189 1.00294 -1.62238e-07 1.00294 2.5 0.00140766 0.000712994
0.641642 -0.188626 1.00294 -1.69149e-07 1.00294 2.5 0.00140766 0.000712994
0.642643 -0.188063 1.00294 -2.36253e-07 1.00294 2.5 0.00140766 0.000712994
0.643644 -0.1875 1.00294 -2.19849e-07 1.00294 2.5 0.00140766 0.000712994
0.644645 -0.186937 1.00294 -2.76339e-07 1.00294 2.5 0.00140766 0.000712994
0.645646 -0.186374 1.00294 -2.75309e-07 1.00294 2.5 0.00140766 0.000712994
0.646647 -0.185811 1.00294 -3.65452e-07 1.00294 2.5 0.00140766 0.000712993
0.647648 -0.185248 1.00294 -3.39418e-07 1.00294 2.5 0.00140766 0.000712993
0.648649 -0.184685 1.00294 -4.14718e-07 1.00294 2.5 0.00140766 0.000712993
0.64965 -0.184122 1.00294 -4.25055e-07 1.00294 2.5 0.00140766 0.000712993
0.650651 -0.183559 1.00294 -5.57621e-07 1.00294 2.5 0.00140766 0.000712993
0.651652 -0.182995 1.00294 -5.34703e-07 1.00294 2.5 0.00140766 0.000712993
0.652653 -0.182432 1.00294 -6.95515e-07 1.00294 2.5 0.00140766 0.000712993
0.653654 -0.181869 1.00294 -6.37254e-07 1.00294 2.5 0.00140766 0.000712993
0.654655 -0.181306 1.00294 -6.13375e-07 1.00294 2.5 0.00140766 0.000712993
0.655656 -0.180743 1.00294 -4.04615e-07 1.00294 2.5 0.00140766 0.000712993
0.656657 -0.18018 1.00294 -1.0953e-07 1.00294 2.5 0.00140766 0.000712993
0.657658 -0.179617 1.00294 -5.25894e-07 1.00294 2.5 0.00140766 0.000712993
0.658659 -0.179054 1.00294 -7.80204e-07 1.00294 2.5 0.00140766 0.000712993
0.65966 -0.178491 1.00294 -8.21658e-07 1.00294 2.5 0.00140766 0.000712993
0.660661 -0.177928 1.00294 6.28601e-07 1.00294 2.5 0.00140766 0.000712994
0.661662 -0.177365 1.00293 4.72105e-06 1.00293 2.5 0.00140766 0.000712996
0.662663 -0.176802 1.00294 6.66245e-06 1.00293 2.49999 0.00140765 0.000712998
0.663664 -0.176239 1.00294 -1.05787e-06 1.00294 2.5 0.00140766 0.000712997
0.664665 -0.175676 1.00293 1.69399e-06 1.00293 2.5 0.00140766 0.000712996
0.665666 -0.175113 1.00292 7.4366e-06 1.00292 2.49999 0.00140765 0.000712999
0.666667 -0.17455 1.00291 2.66825e-05 1.0029 2.49998 0.00140765 0.000713009
0.667668 -0.173986 1.00291 4.07424e-05 1.00289 2.49996 0.00140764 0.000713021
0.668669 -0.173423 1.00292 6.83398e-06 1.0029 2.49997 0.00140764 0.000713018
0.66967 -0.17286 1.00291 1.51193e-05 1.0029 2.49998 0.00140764 0.000713011
0.670671 -0.172297 1.00287 3.41604e-05 1.00285 2.49996 0.00140763 0.000713021
0.671672 -0.171734 1.00281 9.45435e-05 1.00277 2.49991 0.00140761 0.000713053
0.672673 -0.171171 1.0028 0.000150752 1.00274 2.49986 0.00140758 0.000713096
0.673674 -0.170608 1.00283 6.30372e-05 1.00277 2.49986 0.00140758 0.000713097
0.674675 -0.170045 1.00282 6.85995e-05 1.00277 2.49989 0.00140759 0.000713074
0.675676 -0.169482 1.00272 0.000108029 1.00266 2.49985 0.00140757 0.000713092
0.676677 -0.168918 1.00256 0.00025803 1.00246 2.49974 0.00140751 0.000713172
0.677678 -0.168355 1.0025 0.000409882 1.00234 2.49959 0.00140743 0.000713284
0.678679 -0.167792 1.00256 0.00029392 1.00238 2.49956 0.00140741 0.000713315
0.67968 -0.167228 1.00258 0.000229626 1.00242 2.49962 0.00140744 0.000713269
0.680681 -0.166665 1.00241 0.000272696 1.00224 2.49959 0.00140743 0.000713273
0.681682 -0.166102 1.00208 0.000549817 1.00184 2.49939 0.00140731 0.000713413
0.682683 -0.165538 1.00185 0.000888238 1.00148 2.49908 0.00140714 0.000713648
0.683684 -0.164974 1.00195 0.000910212 1.00151 2.49891 0.00140704 0.000713789
0.684685 -0.164411 1.00204 0.000515699 1.00164 2.499 0.00140709 0.000713722
0.685686 -0.163847 1.00185 0.000674097 1.00146 2.49903 0.00140711 0.000713668
0.686687 -0.163284 1.00139 0.000910546 1.00091 2.49879 0.00140698 0.000713817
0.687688 -0.162719 1.00086 0.00152036 1.00018 2.49832 0.00140671 0.000714169
0.688689 -0.162155 1.00078 0.0019327 0.999909 2.49782 0.00140643 0.000714554
0.68969 -0.161591 1.00098 0.00128112 1.00011 2.49783 0.00140644 0.000714569
0.690691 -0.161027 1.00085 0.00137729 1.00004 2.49797 0.00140651 0.000714428
0.691692 -0.160462 1.00025 0.00159875 0.999338 2.49772 0.00140637 0.000714558
0.692693 -0.159898 0.999312 0.00244971 0.998136 2.49706 0.001406 0.000715038
0.693694 -0.159332 0.99879 0.00338731 0.997249 2.49614 0.00140549 0.000715733
0.694695 -0.158767 0.999061 0.00301614 0.997386 2.49581 0.0014053 0.000716025
0.695696 -0.158202 0.999217 0.00239882 0.997648 2.49607 0.00140545 0.000715808
0.696697 -0.157637 0.998447 0.00267278 0.996847 2.49599 0.0014054 0.000715767
0.697698 -0.157071 0.996855 0.00388808 0.994881 2.49505 0.00140487 0.000716406
0.698699 -0.156504 0.995739 0.00572021 0.993155 2.49351 0.00140401 0.000717581
0.6997 -0.155936 0.996177 0.00556213 0.993274 2.49272 0.00140357 0.000718266
0.700701 -0.15537 0.996575 0.00394114 0.993841 2.49314 0.0014038 0.000717936
0.701702 -0.154803 0.995646 0.00458012 0.992949 2.49323 0.00140385 0.000717715
0.702703 -0.154236 0.993594 0.00582972 0.990455 2.4921 0.00140322 0.000718451
0.703704 -0.153667 0.991525 0.00847529 0.987551 2.48998 0.00140204 0.000720048
0.704705 -0.153096 0.991765 0.00960994 0.987089 2.48821 0.00140105 0.000721487
0.705706 -0.152528 0.992635 0.00613299 0.988183 2.48879 0.00140136 0.000721133
0.706707 -0.151959 0.991618 0.00751525 0.987348 2.48924 0.00140161 0.000720568
0.707708 -0.151389 0.989241 0.00875711 0.984411 2.48779 0.00140081 0.000721452
0.708709 -0.150817 0.986476 0.0115958 0.980719 2.48541 0.00139948 0.000723284
0.70971 -0.150244 0.985713 0.0140448 0.978905 2.48273 0.00139799 0.000725386
0.710711 -0.149672 0.9866 0.0110266 0.979702 2.48252 0.00139785 0.000725695
0.711712 -0.1491 0.986269 0.0111265 0.979676 2.48329 0.00139828 0.000724934
0.712713 -0.148527 0.983698 0.0122958 0.976664 2.48212 0.00139763 0.000725485
0.713714 -0.147951 0.980172 0.0156164 0.972121 2.47947 0.00139616 0.000727498
0.714715 -0.147374 0.978084 0.0185966 0.968823 2.47633 0.00139443 0.00072999
0.715716 -0.146797 0.978614 0.0190502 0.96864 2.47452 0.00139341 0.00073146
0.716717 -0.146221 0.979158 0.0156612 0.96934 2.47493 0.00139361 0.000731105
0.717718 -0.145644 0.977377 0.0169311 0.967606 2.47501 0.00139366 0.000730743
0.718719 -0.145065 0.973678 0.019223 0.963088 2.47281 0.00139245 0.00073218
0.71972 -0.144484 0.969731 0.0237913 0.957707 2.469 0.00139036 0.000735164
0.720721 -0.1439 0.968636 0.0261925 0.955297 2.46557 0.00138847 0.000737995
0.721722 -0.143318 0.969309 0.0238055 0.955676 2.46484 0.00138802 0.000738622
0.722723 -0.142736 0.968936 0.0235257 0.955401 2.46508 0.00138815 0.000738165
0.723724 -0.142153 0.966742 0.0240421 0.952923 2.46426 0.0013877 0.000738507
0.724725 -0.141567 0.962616 0.0272799 0.947853 2.46166 0.00138628 0.000740449
0.725726 -0.140979 0.958435 0.0316153 0.942092 2.45737 0.00138394 0.000743814
0.726727 -0.140389 0.957179 0.0343856 0.939443 2.45368 0.00138191 0.000746791
0.727728 -0.1398 0.957927 0.0317738 0.939884 2.45291 0.00138143 0.000747485
0.728729 -0.139211 0.957429 0.0313979 0.93954 2.45329 0.00138163 0.00074694
0.72973 -0.13862 0.95395 0.0324313 0.93557 2.45183 0.00138083 0.000747673
0.730731 -0.138027 0.948283 0.0375067 0.928507 2.44786 0.0013787 0.000750709
0.731732 -0.137429 0.944451 0.0431576 0.922719 2.44248 0.00137579 0.000755098
0.732733 -0.136831 0.945051 0.0435319 0.922186 2.43951 0.00137413 0.000757723
0.733734 -0.136235 0.946023 0.038837 0.92338 2.44016 0.00137439 0.000757136
0.734735 -0.135638 0.943293 0.0402579 0.920703 2.44013 0.0013744 0.000756603
0.735736 -0.135038 0.93727 0.0445535 0.913451 2.43647 0.00137244 0.000759161
0.736737 -0.134432 0.931604 0.0521765 0.90559 2.43019 0.00136912 0.000764364
0.737738 -0.133825 0.931432 0.0545195 0.903678 2.42551 0.00136655 0.000768563
0.738739 -0.133221 0.932999 0.0477448 0.905397 2.42604 0.00136666 0.000768195
0.73974 -0.132615 0.930869 0.049609 0.903536 2.42659 0.00136702 0.000767138
0.740741 -0.132007 0.925241 0.0527567 0.896866 2.42333 0.00136527 0.000769284
0.741742 -0.131395 0.91857 0.0606139 0.88812 2.41712 0.00136203 0.000774455
0.742743 -0.130778 0.916652 0.0655621 0.884005 2.41096 0.00135873 0.000779928
0.743744 -0.130163 0.918374 0.0592043 0.885503 2.41052 0.00135826 0.000780553
0.744745 -0.129549 0.917557 0.0596951 0.885122 2.41163 0.0013589 0.000779059
0.745746 -0.128932 0.912412 0.0620644 0.879187 2.40896 0.00135748 0.000780615
0.746747 -0.128311 0.905037 0.069293 0.869953 2.40309 0.00135444 0.000785499
0.747748 -0.127684 0.901238 0.0768098 0.86375 2.39601 0.00135077 0.000791811
0.748749 -0.127058 0.902401 0.0729758 0.864036 2.39371 0.00134931 0.000794222
0.74975 -0.126434 0.902876 0.0705611 0.864901 2.39485 0.00134985 0.000792811
0.750751 -0.125808 0.898658 0.0720637 0.86034 2.3934 0.0013491 0.000793191
0.751752 -0.125177 0.891256 0.0791277 0.851343 2.38804 0.00134638 0.000797605
0.752753 -0.12454 0.885977 0.0870774 0.84364 2.38054 0.00134253 0.000804348
0.753754 -0.123902 0.88632 0.0867398 0.84265 2.37682 0.00134042 0.000808121
0.754755 -0.123267 0.887421 0.0817101 0.843968 2.37758 0.00134061 0.000807252
0.755756 -0.12263 0.883863 0.0833192 0.840384 2.37702 0.00134037 0.000806873
0.756757 -0.121989 0.87626 0.0900281 0.831267 2.37163 0.00133766 0.000811163
0.757758 -0.121341 0.870105 0.0987456 0.822666 2.3637 0.00133366 0.000818405
0.758759 -0.120691 0.870291 0.0996886 0.82138 2.3595 0.00133134 0.000822778
0.75976 -0.120045 0.871587 0.093829 0.822785 2.36002 0.00133132 0.000822207
0.760761 -0.119396 0.868148 0.0952367 0.819393 2.3596 0.00133116 0.000821687
0.761762 -0.118744 0.860415 0.101819 0.810238 2.35421 0.00132849 0.000825936
0.762763 -0.118083 0.853954 0.111466 0.801365 2.34604 0.00132447 0.000833605
0.763764 -0.117421 0.854027 0.112506 0.799901 2.34156 0.00132201 0.000838421
0.764765 -0.116762 0.855246 0.106523 0.80118 2.34196 0.00132186 0.000837966
0.765766 -0.116102 0.851445 0.107821 0.797383 2.34126 0.00132155 0.00083757
0.766767 -0.115436 0.843537 0.115371 0.788024 2.33548 0.00131877 0.000842241
0.767768 -0.114762 0.838185 0.125296 0.780331 2.32744 0.00131492 0.000850201
0.768769 -0.114088 0.83865 0.122973 0.779555 2.32384 0.00131273 0.000854356
0.76977 -0.113417 0.838918 0.118674 0.780033 2.32452 0.00131282 0.000853247
0.770771 -0.112743 0.833685 0.121709 0.774501 2.32252 0.0013119 0.000854002
0.771772 -0.112062 0.825342 0.132071 0.764284 2.31505 0.00130843 0.000860837
0.772773 -0.111374 0.821863 0.139457 0.758425 2.30703 0.00130448 0.0008692
0.773774 -0.110688 0.823388 0.131858 0.759515 2.30607 0.00130336 0.000870657
0.774775 -0.110004 0.822092 0.132334 0.758595 2.3069 0.00130386 0.000868898
0.775776 -0.109315 0.814894 0.137746 0.750375 2.30207 0.00130155 0.000872576
0.776777 -0.108617 0.807813 0.148519 0.741111 2.29357 0.00129764 0.000881013
0.777778 -0.107917 0.807127 0.149351 0.738925 2.28875 0.00129499 0.000886748
0.778779 -0.107219 0.807806 0.14416 0.739615 2.28896 0.00129468 0.0008863
0.77978 -0.10652 0.802853 0.147337 0.734357 2.28671 0.00129367 0.000887237
0.780781 -0.105812 0.79539 0.157278 0.725187 2.27934 0.00129038 0.000894246
0.781782 -0.105099 0.793374 0.161855 0.721397 2.27319 0.00128733 0.000901192
0.782783 -0.10439 0.794133 0.155051 0.722011 2.27295 0.00128658 0.000901794
0.783784 -0.103678 0.789582 0.157908 0.71733 2.27123 0.00128587 0.000902066
0.784785 -0.102959 0.780785 0.169294 0.70685 2.26327 0.00128243 0.00090971
0.785786 -0.102231 0.776985 0.177565 0.700685 2.2545 0.0012783 0.000919427
0.786787 -0.101507 0.7787 0.168647 0.702063 2.25396 0.00127713 0.000920829
0.787788 -0.100782 0.777254 0.169372 0.700917 2.25447 0.00127748 0.000918774
0.788789 -0.100053 0.770405 0.176126 0.693227 2.24955 0.00127537 0.000923239
0.78979 -0.0993159 0.762617 0.185049 0.683415 2.24036 0.00127111 0.000932799
0.790791 -0.0985724 0.760656 0.189356 0.680144 2.23539 0.00126876 0.000939043
0.791792 -0.097832 0.760804 0.187602 0.679651 2.23333 0.00126741 0.000941224
0.792793 -0.0970893 0.757279 0.186777 0.67567 2.23058 0.00126578 0.000943295
0.793794 -0.0963407 0.753454 0.191041 0.67128 2.22734 0.00126441 0.000945773
0.794795 -0.0955896 0.75057 0.197124 0.667569 2.22354 0.00126293 0.000950521
0.795796 -0.0948368 0.745024 0.198147 0.660806 2.2174 0.00125959 0.000957212
0.796797 -0.0940746 0.739691 0.204449 0.654381 2.21167 0.00125708 0.000962858
0.797798 -0.0933096 0.737511 0.210939 0.651034 2.20686 0.00125513 0.000968705
0.798799 -0.0925441 0.736188 0.207141 0.648958 2.20378 0.00125295 0.000972066
0.7998 -0.0917766 0.734052 0.207963 0.646668 2.20239 0.00125226 0.000972702
0.800801 -0.0910053 0.729485 0.213029 0.64148 2.1984 0.00125061 0.00097698
0.801802 -0.0902285 0.723028 0.218521 0.633849 2.19165 0.00124748 0.000984444
0.802803 -0.0894434 0.71818 0.226915 0.627638 2.18482 0.00124469 0.000992515
0.803804 -0.0886562 0.716473 0.228452 0.624762 2.17999 0.00124217 0.000998658
0.804805 -0.0878686 0.715726 0.224118 0.623716 2.17861 0.00124084 0.000999608
0.805806 -0.087079 0.713026 0.227146 0.620965 2.17722 0.00124044 0.00100019
0.806807 -0.0862841 0.706616 0.234603 0.613625 2.171 0.0012379 0.00100749
0.807808 -0.0854809 0.69959 0.241165 0.605132 2.16245 0.00123397 0.00101776
0.808809 -0.0846701 0.697364 0.246721 0.601778 2.15733 0.00123185 0.0010242
0.80981 -0.0838621 0.69732 0.244594 0.60119 2.15536 0.00123045 0.00102682
0.810811 -0.0830518 0.694552 0.243527 0.598161 2.15305 0.001229 0.00102855
0.811812 -0.0822362 0.689627 0.248355 0.592831 2.1491 0.00122744 0.00103237
0.812813 -0.0814134 0.683869 0.258303 0.586009 2.14226 0.00122501 0.0010412
0.813814 -0.0805849 0.679209 0.26254 0.579951 2.13466 0.00122135 0.00105136
0.814815 -0.079752 0.678191 0.260782 0.578335 2.1319 0.00121954 0.00105443
0.815816 -0.0789204 0.677474 0.262264 0.577528 2.13118 0.00121935 0.00105465
0.816817 -0.0780851 0.671999 0.266008 0.571489 2.12608 0.00121704 0.00106062
0.817818 -0.0772399 0.664819 0.273657 0.563253 2.11807 0.00121369 0.00107043
0.818819 -0.0763861 0.662169 0.280933 0.559524 2.11247 0.00121167 0.0010783
0.81982 -0.0755351 0.662174 0.277602 0.558995 2.11045 0.00121001 0.0010814
0.820821 -0.0746821 0.659229 0.277037 0.555911 2.10819 0.00120865 0.0010831
0.821822 -0.0738222 0.652765 0.284256 0.548943 2.10238 0.00120652 0.00108947
0.822823 -0.072951 0.646547 0.296202 0.541528 2.09392 0.00120371 0.00110137
0.823824 -0.0720755 0.644554 0.297493 0.538444 2.08844 0.00120084 0.00110991
0.824825 -0.0712008 0.644166 0.29345 0.53778 2.08712 0.00119942 0.00111093
0.825826 -0.0703234 0.640761 0.296073 0.534286 2.08458 0.00119843 0.00111279
0.826827 -0.0694373 0.634783 0.305364 0.527627 2.07798 0.00119629 0.00112164
0.827828 -0.0685438 0.630176 0.311056 0.521997 2.07084 0.00119325 0.00113246
0.828829 -0.0676466 0.628462 0.310146 0.519744 2.06752 0.00119123 0.00113679
0.82983 -0.0667475 0.626221 0.3147 0.517193 2.06474 0.00119046 0.00113982
0.830831 -0.0658432 0.61993 0.319603 0.510125 2.05719 0.00118708 0.0011505
0.831832 -0.0649262 0.616452 0.322623 0.505999 2.05206 0.00118475 0.0011574
0.832833 -0.0640112 0.616173 0.326078 0.505371 2.05044 0.00118446 0.00115994
0.833834 -0.0630942 0.611525 0.32687 0.500258 2.04512 0.00118161 0.0011675
0.834835 -0.0621654 0.60587 0.331646 0.494135 2.03895 0.00117902 0.0011748
0.835836 -0.061229 0.603004 0.343078 0.490628 2.0341 0.00117846 0.00118281
0.836837 -0.0602929 0.598984 0.342797 0.485727 2.02729 0.00117458 0.00119386
0.837838 -0.0593459 0.595836 0.341547 0.482258 2.02345 0.00117217 0.00119795
0.838839 -0.0583971 0.594843 0.34909 0.481054 2.02177 0.00117269 0.0011999
0.83984 -0.0574468 0.590365 0.351422 0.476022 2.0158 0.00116979 0.00120989
0.840841 -0.0564858 0.584884 0.352396 0.470136 2.00952 0.00116645 0.00121806
0.841842 -0.0555156 0.582244 0.364012 0.467092 2.00557 0.00116657 0.00122386
0.842843 -0.0545454 0.578155 0.368196 0.462173 1.99848 0.00116344 0.00123637
0.843844 -0.0535642 0.574374 0.365024 0.457935 1.99319 0.00115981 0.00124395
0.844845 -0.0525802 0.573606 0.369464 0.457048 1.992 0.00116005 0.00124425
0.845846 -0.0515945 0.57059 0.374418 0.453724 1.98796 0.00115881 0.00125099
0.846847 -0.0506012 0.564252 0.378061 0.446943 1.98024 0.00115524 0.00126332
0.847848 -0.0495938 0.559395 0.385518 0.441592 1.97353 0.00115306 0.0012737
0.848849 -0.0485822 0.557778 0.391422 0.439403 1.96944 0.00115205 0.00128081
0.84985 -0.0475697 0.556012 0.390239 0.437227 1.96591 0.0011498 0.0012869
0.850851 -0.0465525 0.552757 0.389689 0.43385 1.96221 0.0011476 0.00129155
0.851852 -0.0455267 0.548379 0.396872 0.429337 1.9573 0.00114643 0.00129859
0.852853 -0.044492 0.543467 0.406919 0.423939 1.95016 0.00114468 0.00131132
0.853854 -0.0434488 0.539509 0.410751 0.419368 1.94328 0.00114169 0.00132431
0.854855 -0.0424005 0.538035 0.409361 0.417529 1.94006 0.00113956 0.00132909
0.855856 -0.041351 0.536489 0.410786 0.415891 1.93802 0.00113873 0.00133107
0.856857 -0.0402951 0.531987 0.416735 0.411265 1.93268 0.00113712 0.00133976
0.857858 -0.0392275 0.526173 0.425224 0.405103 1.92476 0.00113467 0.00135427
0.858859 -0.038149 0.522851 0.430437 0.401254 1.91859 0.00113245 0.00136592
0.85986 -0.0370688 0.521913 0.429606 0.399986 1.91596 0.00113077 0.00137044
0.860861 -0.0359864 0.519693 0.430349 0.397657 1.91294 0.00112925 0.0013741
0.861862 -0.0348956 0.514783 0.437039 0.392723 1.90722 0.00112766 0.00138396
0.862863 -0.0337916 0.50972 0.446461 0.387292 1.89954 0.00112568 0.00139868
0.863864 -0.0326803 0.507416 0.44891 0.384552 1.89466 0.00112355 0.00140894
0.864865 -0.0315678 0.50629 0.446977 0.383218 1.89228 0.00112172 0.00141219
0.865866 -0.0304506 0.502857 0.450877 0.37978 1.88811 0.00112036 0.00141799
0.866867 -0.0293208 0.497652 0.460924 0.374466 1.88117 0.00111903 0.00143195
0.867868 -0.0281808 0.494223 0.465735 0.370613 1.87473 0.00111666 0.00144562
0.868869 -0.0270377 0.493082 0.463188 0.36924 1.8721 0.00111451 0.00144984
0.86987 -0.0258913 0.49076 0.467861 0.366901 1.86904 0.00111402 0.00145402
0.870871 -0.0247356 0.485397 0.475191 0.361429 1.86151 0.00111172 0.00146911
0.871872 -0.0235647 0.482223 0.479143 0.35808 1.8564 0.00110991 0.00148053
0.872873 -0.0223944 0.481278 0.481467 0.356779 1.85329 0.00110878 0.00148528
0.873874 -0.0212195 0.477201 0.482636 0.352823 1.8484 0.00110634 0.00149559
0.874875 -0.0200277 0.473872 0.490314 0.349309 1.84285 0.00110532 0.00150467
0.875876 -0.0188351 0.47191 0.495902 0.347178 1.83922 0.00110483 0.00151466
0.876877 -0.0176364 0.468049 0.493211 0.343203 1.83316 0.00110067 0.00152601
0.877878 -0.0164232 0.46572 0.500593 0.340903 1.82998 0.00110094 0.00153111
0.878879 -0.0152097 0.463518 0.507398 0.338445 1.82541 0.0011003 0.00154174
0.87988 -0.0139882 0.459362 0.504633 0.334333 1.81955 0.00109622 0.00155484
0.880881 -0.0127524 0.457425 0.511699 0.332324 1.81627 0.00109639 0.00155932
0.881882 -0.0115178 0.455402 0.517844 0.330123 1.81226 0.00109591 0.00156937
0.882883 -0.0102739 0.451422 0.51534 0.326205 1.80654 0.00109197 0.00158215
0.883884 -0.00901694 0.449676 0.522501 0.324413 1.80359 0.0010924 0.0015866
0.884885 -0.00776128 0.447442 0.527596 0.322063 1.79947 0.00109158 0.00159721
0.885886 -0.0064942 0.443946 0.525932 0.318635 1.79434 0.0010882 0.00160863
0.886887 -0.00521775 0.44246 0.533229 0.317094 1.79165 0.00108886 0.00161341
0.887888 -0.00394134 0.43989 0.535625 0.314472 1.78722 0.00108709 0.00162451
0.888889 -0.00265153 0.437133 0.536481 0.311786 1.78313 0.00108504 0.0016333
0.88989 -0.00135751 0.43572 0.543197 0.31027 1.78022 0.00108544 0.00163927
0.890891 -5.98663e-05 0.432824 0.543418 0.307418 1.77565 0.00108294 0.00165078
0.891892 0.0012509 0.430822 0.546868 0.305422 1.77232 0.00108213 0.00165722
0.892893 0.00256203 0.429407 0.551599 0.303925 1.76945 0.00108197 0.00166426
0.893894 0.00388021 0.426804 0.550753 0.301392 1.7654 0.00107943 0.00167393
0.894895 0.00520768 0.425164 0.555876 0.299763 1.76263 0.00107947 0.00167935
0.895896 0.00653694 0.423259 0.559086 0.297839 1.7592 0.00107854 0.00168829
0.896897 0.00787537 0.421334 0.55968 0.295944 1.75599 0.00107692 0.00169608
0.897898 0.00921685 0.420092 0.562378 0.294695 1.75375 0.00107651 0.00170074
0.898899 0.0105637 0.418286 0.564609 0.292939 1.75083 0.00107557 0.00170774
0.8999 0.0119171 0.416486 0.568353 0.291168 1.74776 0.00107504 0.00171563
0.900901 0.0132748 0.415015 0.568605 0.2897 1.74512 0.00107364 0.0017222
0.901902 0.0146377 0.414049 0.570609 0.288745 1.74343 0.00107332 0.00172557
0.902903 0.0160029 0.412608 0.573946 0.28732 1.74088 0.00107297 0.00173208
0.903904 0.0173746 0.410795 0.574018 0.285595 1.73806 0.0010714 0.00173964
0.904905 0.0187517 0.410112 0.576647 0.284879 1.7366 0.00107143 0.00174237
0.905906 0.0201286 0.409129 0.578442 0.283904 1.73481 0.001071 0.00174733
0.906907 0.0215117 0.407617 0.578548 0.282463 1.73241 0.00106969 0.0017532
0.907908 0.0228993 0.406946 0.5815 0.281782 1.73108 0.0010699 0.00175617
0.908909 0.0242871 0.406029 0.582106 0.28087 1.72937 0.00106914 0.00176088
0.90991 0.0256803 0.405001 0.582453 0.279886 1.72769 0.00106831 0.00176463
0.910911 0.0270758 0.404493 0.585099 0.279378 1.72672 0.00106863 0.00176709
0.911912 0.0284725 0.403566 0.585285 0.278463 1.72502 0.00106773 0.00177173
0.912913 0.0298738 0.40281 0.585557 0.277765 1.72392 0.00106721 0.00177438
0.913914 0.0312764 0.402511 0.587766 0.27742 1.72306 0.00106745 0.00177596
0.914915 0.0326799 0.401728 0.587949 0.276686 1.72185 0.00106683 0.00177999
0.915916 0.0340873 0.401078 0.587845 0.276047 1.72065 0.00106612 0.00178224
0.916917 0.0354958 0.400925 0.589709 0.275886 1.72031 0.00106655 0.001783
0.917918 0.0369046 0.400403 0.590097 0.275354 1.71923 0.00106607 0.00178596
0.918919 0.0383161 0.399819 0.589673 0.274809 1.71833 0.00106542 0.00178813
0.91992 0.0397293 0.399684 0.591057 0.274666 1.71802 0.00106571 0.00178859
0.920921 0.0411422 0.399377 0.591586 0.274344 1.71733 0.00106549 0.00179052
0.921922 0.042557 0.398896 0.591189 0.273918 1.71673 0.00106502 0.00179244
0.922923 0.0439734 0.398759 0.592085 0.273771 1.71639 0.00106513 0.00179284
0.923924 0.0453895 0.398593 0.59265 0.273598 1.71602 0.00106511 0.00179402
0.924925 0.0468068 0.398216 0.592344 0.273244 1.71543 0.00106467 0.00179564
0.925926 0.0482255 0.398074 0.592805 0.273106 1.71517 0.00106469 0.00179601
0.926927 0.0496442 0.398009 0.593408 0.273032 1.71498 0.00106478 0.00179658
0.927928 0.0510632 0.397733 0.593283 0.272778 1.71458 0.00106451 0.00179791
0.928929 0.0524836 0.397565 0.593366 0.272627 1.71436 0.00106441 0.00179843
0.92993 0.0539041 0.397544 0.593931 0.272602 1.71429 0.00106456 0.00179862
0.930931 0.0553247 0.39738 0.593992 0.272439 1.71397 0.0010644 0.00179954
0.931932 0.0567462 0.397214 0.593859 0.272294 1.71378 0.00106425 0.00180013
0.932933 0.0581681 0.397196 0.594294 0.272258 1.71363 0.00106431 0.00180016
0.933934 0.0595898 0.397123 0.594482 0.272194 1.71354 0.00106433 0.00180069
0.934935 0.061012 0.396969 0.594341 0.272046 1.71327 0.00106413 0.00180133
0.935936 0.0624349 0.39692 0.594554 0.272008 1.71324 0.00106418 0.00180143
0.936937 0.0638576 0.396905 0.594824 0.271987 1.71318 0.00106424 0.00180162
0.937938 0.0652805 0.396795 0.594795 0.271881 1.71298 0.00106412 0.00180218
0.938939 0.0667039 0.396714 0.594768 0.271808 1.71287 0.00106405 0.00180243
0.93994 0.0681274 0.396718 0.595042 0.271804 1.71283 0.00106411 0.00180241
0.940941 0.0695509 0.396676 0.595143 0.271751 1.71268 0.00106406 0.00180272
0.941942 0.0709747 0.396579 0.595053 0.27167 1.71258 0.00106398 0.00180313
0.942943 0.0723988 0.396546 0.595157 0.271634 1.7125 0.00106396 0.00180318
0.943944 0.0738229 0.396545 0.595353 0.271631 1.71249 0.00106403 0.00180325
0.944945 0.075247 0.396481 0.595372 0.271578 1.71242 0.001064 0.00180361
0.945946 0.0766715 0.39641 0.595304 0.271508 1.71229 0.0010639 0.00180387
0.946947 0.0780961 0.396398 0.595452 0.271504 1.71232 0.00106396 0.00180388
0.947948 0.0795208 0.396387 0.595575 0.271489 1.71227 0.00106398 0.001804
0.948949 0.0809455 0.396321 0.595553 0.271434 1.71221 0.00106394 0.00180433
0.94995 0.0823705 0.396269 0.595532 0.271391 1.71216 0.0010639 0.0018045
0.950951 0.0837956 0.396264 0.595681 0.271392 1.71219 0.00106397 0.00180451
0.951952 0.0852207 0.396239 0.595751 0.271373 1.71218 0.00106399 0.0018047
0.952953 0.086646 0.396175 0.595705 0.271323 1.71215 0.00106395 0.00180499
0.953954 0.0880716 0.39614 0.595736 0.2713 1.71215 0.00106396 0.00180508
0.954955 0.0894971 0.396135 0.595866 0.271304 1.71219 0.00106403 0.00180513
0.955956 0.0909227 0.396092 0.595891 0.271275 1.7122 0.00106404 0.00180538
0.956957 0.0923485 0.396036 0.595842 0.271238 1.7122 0.00106403 0.0018056
0.957958 0.0937746 0.396016 0.595935 0.271235 1.71227 0.0010641 0.00180565
0.958959 0.0952006 0.395993 0.596014 0.27123 1.71234 0.00106416 0.00180581
0.95996 0.0966267 0.395934 0.595988 0.271197 1.71238 0.00106418 0.00180608
0.960961 0.0980531 0.395889 0.596012 0.27118 1.71247 0.00106424 0.00180624
0.961962 0.0994796 0.395867 0.596117 0.271187 1.71262 0.00106435 0.00180636
0.962963 0.100906 0.395807 0.59613 0.271161 1.71271 0.00106441 0.00180667
0.963964 0.102333 0.395747 0.596098 0.271154 1.71292 0.00106452 0.00180691
0.964965 0.10376 0.395693 0.596196 0.271135 1.71304 0.00106462 0.00180714
0.965966 0.105188 0.395655 0.596259 0.271172 1.71344 0.00106487 0.00180736
0.966967 0.106615 0.395526 0.596229 0.271075 1.71338 0.00106482 0.00180793
0.967968 0.108043 0.395547 0.596281 0.271206 1.71412 0.00106526 0.00180781
0.968969 0.10947 0.395401 0.596358 0.271047 1.71375 0.00106507 0.00180851
0.96997 0.1109 0.395753 0.596348 0.271456 1.71481 0.00106567 0.00180691
0.970971 0.112323 0.395586 0.596368 0.270813 1.71147 0.00106379 0.00180762
0.971972 0.113756 0.397022 0.596495 0.271791 1.71144 0.00106382 0.0018011
0.972973 0.115169 0.394494 0.596502 0.267736 1.69671 0.00105553 0.00181269
0.973974 0.116639 0.387952 0.596466 0.267076 1.72106 0.00106923 0.00184324
0.974975 0.118127 0.345623 0.596522 0.236987 1.7142 0.00106538 0.00206894
0.975976 0.119976 0.280411 0.596645 0.290784 2.59248 0.00155995 0.00255008
0.976977 0.122153 0.250514 0.596701 0.288966 2.88374 0.00172397 0.00285448
0.977978 0.124449 0.244325 0.596677 0.275391 2.81788 0.00168687 0.00292678
0.978979 0.12675 0.246344 0.596768 0.269646 2.73647 0.00164107 0.00290273
0.97998 0.129029 0.248476 0.596912 0.270595 2.72255 0.00163328 0.00287786
0.980981 0.131298 0.24952 0.596892 0.270894 2.71416 0.00162855 0.00286587
0.981982 0.133558 0.25017 0.596927 0.271068 2.70884 0.00162556 0.00285836
0.982983 0.135813 0.250591 0.597079 0.271046 2.70407 0.00162293 0.00285355
0.983984 0.138065 0.250931 0.597098 0.271096 2.7009 0.00162115 0.00284974
0.984985 0.140314 0.251182 0.597107 0.271123 2.69847 0.00161978 0.00284686
0.985986 0.142562 0.251362 0.59724 0.271126 2.69657 0.00161876 0.0028448
0.986987 0.144808 0.251514 0.597292 0.271136 2.69504 0.00161792 0.00284312
0.987988 0.147052 0.251655 0.597284 0.271165 2.69382 0.00161722 0.00284153
0.988989 0.149296 0.251753 0.5974 0.271162 2.69273 0.00161665 0.00284038
0.98999 0.151539 0.25184 0.597478 0.271163 2.69182 0.00161617 0.00283943
0.990991 0.153781 0.251932 0.597461 0.271189 2.69109 0.00161575 0.0028384
0.991992 0.156022 0.251999 0.597563 0.271195 2.69043 0.00161541 0.00283761
0.992993 0.158263 0.252052 0.597657 0.271191 2.68983 0.00161511 0.00283704
0.993994 0.160503 0.252116 0.597633 0.271211 2.68936 0.00161483 0.00283634
0.994995 0.162742 0.252167 0.597725 0.271224 2.68893 0.00161462 0.00283572
0.995996 0.164982 0.252204 0.59783 0.271221 2.68852 0.00161442 0.00283534
0.996997 0.167221 0.252246 0.597803 0.271233 2.68817 0.00161422 0.00283487
0.997998 0.169459 0.252285 0.597873 0.271244 2.68787 0.00161408 0.0028344
0.998999 0.171698 0.252314 0.597982 0.271246 2.68758 0.00161395 0.00283409
1 0.173936 0.252343 0.59797 0.27125 2.68732 0.00161379 0.00283379
1.001 0.176173 0.252365 0.598012 0.271248 2.68706 0.00161367 0.00283353
1.002 0.178411 0.252382 0.598069 0.271241 2.68681 0.00161355 0.00283334
1.003 0.180648 0.252395 0.598085 0.271231 2.68657 0.00161341 0.00283321
1.004 0.182886 0.252395 0.598088 0.271203 2.68629 0.00161326 0.00283322
1.00501 0.185123 0.252383 0.598063 0.271157 2.68598 0.00161307 0.00283338
1.00601 0.187361 0.252355 0.598008 0.27109 2.68561 0.00161285 0.00283372
1.00701 0.189599 0.252306 0.597908 0.270992 2.68516 0.00161256 0.0028343
1.00801 0.191838 0.252229 0.597746 0.270852 2.68459 0.00161219 0.00283521
1.00901 0.194077 0.252114 0.597498 0.270655 2.68386 0.00161169 0.00283657
1.01001 0.196318 0.251948 0.597135 0.270381 2.68291 0.00161103 0.00283852
1.01101 0.19856 0.251715 0.596614 0.270004 2.68165 0.00161015 0.00284126
1.01201 0.200805 0.251392 0.595884 0.26949 2.67998 0.00160896 0.00284506
1.01301 0.203054 0.25095 0.594872 0.268795 2.67777 0.00160738 0.00285027
1.01401 0.205307 0.250352 0.593486 0.26786 2.67484 0.00160527 0.00285735
1.01502 0.207566 0.24955 0.591605 0.266616 2.67097 0.00160246 0.00286688
1.01602 0.209834 0.248486 0.589074 0.264973 2.66587 0.00159875 0.00287961
1.01702 0.212113 0.247087 0.585698 0.262822 2.65921 0.00159388 0.00289651
1.01802 0.214407 0.245267 0.581232 0.260039 2.65057 0.00158755 0.00291876
1.01902 0.216721 0.242928 0.575373 0.256481 2.63948 0.0015794 0.00294782
1.02002 0.219061 0.23996 0.567755 0.251996 2.62539 0.00156901 0.00298546
1.02102 0.221433 0.236252 0.557945 0.24643 2.60771 0.00155595 0.00303376
1.02202 0.223848 0.231693 0.54543 0.239646 2.58582 0.00153973 0.0030952
1.02302 0.226316 0.226188 0.52962 0.231537 2.55913 0.00151992 0.00317258
1.02402 0.228851 0.219668 0.50984 0.222047 2.52707 0.00149608 0.00326914
1.02503 0.231469 0.212097 0.485314 0.21118 2.4892 0.00146788 0.00338858
1.02603 0.234191 0.203488 0.455179 0.199029 2.44522 0.00143514 0.00353505
1.02703 0.237037 0.193916 0.418561 0.185787 2.3952 0.00139797 0.0037129
1.02803 0.240035 0.183565 0.374778 0.171807 2.33987 0.00135704 0.00392556
1.02903 0.243212 0.172825 0.323966 0.157697 2.28116 0.00131398 0.00417173
1.03003 0.24659 0.162358 0.268164 0.144338 2.22254 0.00127167 0.00444053
1.03103 0.250182 0.152934 0.211693 0.132648 2.16839 0.00123355 0.00471075
1.03203 0.253981 0.145135 0.159768 0.123216 2.12243 0.00120225 0.00495774
1.03303 0.257963 0.139154 0.116265 0.116129 2.08635 0.00117855 0.00516354
1.03403 0.262093 0.134825 0.0824937 0.111082 2.05974 0.00116168 0.00532242
1.03504 0.266334 0.131806 0.0576243 0.107601 2.04089 0.00115009 0.00543872
1.03604 0.270656 0.129737 0.039864 0.105235 2.02784 0.00114225 0.0055213
1.03704 0.275035 0.128327 0.0273801 0.103631 2.01889 0.00113697 0.00557903
1.03804 0.279454 0.127366 0.0186834 0.102543 2.01277 0.00113341 0.00561905
1.03904 0.2839 0.126712 0.0126683 0.101805 2.0086 0.00113101 0.0056466
1.04004 0.288365 0.126268 0.00853754 0.101306 2.00576 0.00112939 0.00566542
1.04104 0.292844 0.125969 0.00572028 0.100969 2.00385 0.0011283 0.00567818
1.04204 0.297331 0.125768 0.00381074 0.100743 2.00256 0.00112757 0.00568679
1.04304 0.301823 0.125633 0.00252327 0.100592 2.0017 0.00112709 0.00569255
1.04404 0.30632 0.125544 0.00165917 0.100492 2.00113 0.00112676 0.00569638
1.04505 0.310819 0.125485 0.00108158 0.100426 2.00075 0.00112655 0.00569892
1.04605 0.315321 0.125446 0.000696974 0.100382 2.0005 0.00112641 0.00570058
1.04705 0.319823 0.12542 0.000441782 0.100353 2.00034 0.00112632 0.00570167
1.04805 0.324326 0.125404 0.000273021 0.100335 2.00023 0.00112626 0.00570238
1.04905 0.328829 0.125393 0.000161764 0.100323 2.00017 0.00112622 0.00570283
1.05005 0.333333 0.125387 8.86439e-05 0.100316 2.00012 0.0011262 0.00570311
1.05105 0.337837 0.125383 4.07661e-05 0.100311 2.0001 0.00112618 0.00570329
1.05205 0.342341 0.12538 9.59555e-06 0.100308 2.00008 0.00112617 0.0057034
1.05305 0.346845 0.125378 -1.04834e-05 0.100306 2.00007 0.00112617 0.00570347
1.05405 0.351349 0.125377 -2.31343e-05 0.100305 2.00006 0.00112616 0.00570351
1.05506 0.355853 0.125377 -3.07754e-05 0.100304 2.00006 0.00112616 0.00570354
1.05606 0.360357 0.125376 -3.50653e-05 0.100304 2.00006 0.00112616 0.00570355
1.05706 0.364861 0.125376 -3.70486e-05 0.100303 2.00005 0.00112616 0.00570357
1.05806 0.369366 0.125376 -3.75687e-05 0.100303 2.00005 0.00112616 0.00570359
1.05906 0.37387 0.125375 -3.66128e-05 0.100303 2.00005 0.00112615 0.00570361
1.06006 0.378374 0.125375 -3.46416e-05 0.100302 2.00005 0.00112615 0.00570362
1.06106 0.382878 0.125374 -3.30306e-05 0.100302 2.00004 0.00112615 0.00570364
1.06206 0.387383 0.125374 -3.06809e-05 0.100301 2.00004 0.00112615 0.00570366
1.06306 0.391887 0.125373 -2.72167e-05 0.1003 2.00004 0.00112615 0.00570369
1.06406 0.396391 0.125373 -2.43378e-05 0.1003 2.00003 0.00112615 0.00570371
1.06507 0.400896 0.125372 -2.21387e-05 0.100299 2.00003 0.00112614 0.00570373
1.06607 0.4054 0.125372 -1.96383e-05 0.100299 2.00003 0.00112614 0.00570375
1.06707 0.409904 0.125371 -1.62061e-05 0.100298 2.00002 0.00112614 0.00570378
1.06807 0.414409 0.125371 -1.34842e-05 0.100298 2.00002 0.00112614 0.0057038
1.06907 0.418913 0.12537 -1.25619e-05 0.100297 2.00002 0.00112614 0.00570382
1.07007 0.423417 0.12537 -1.0285e-05 0.100297 2.00002 0.00112613 0.00570384
1.07107 0.427922 0.125369 -7.10066e-06 0.100296 2.00001 0.00112613 0.00570386
1.07207 0.432426 0.125369 -6.56061e-06 0.100296 2.00001 0.00112613 0.00570388
1.07307 0.436931 0.125369 -5.97987e-06 0.100296 2.00001 0.00112613 0.00570389
1.07407 0.441435 0.125369 -3.5358e-06 0.100295 2.00001 0.00112613 0.0057039
1.07508 0.44594 0.125368 -2.62064e-06 0.100295 2.00001 0.00112613 0.00570391
1.07608 0.450444 0.125368 -2.80503e-06 0.100295 2 0.00112613 0.00570392
1.07708 0.454949 0.125368 -1.66069e-06 0.100295 2 0.00112613 0.00570393
1.07808 0.459453 0.125368 -7.17466e-07 0.100294 2 0.00112613 0.00570394
1.07908 0.463958 0.125368 -9.55907e-07 0.100294 2 0.00112613 0.00570394
1.08008 0.468462 0.125368 -6.30889e-07 0.100294 2 0.00112613 0.00570395
1.08108 0.472967 0.125368 -5.89765e-08 0.100294 2 0.00112613 0.00570394
1.08208 0.477471 0.125367 -1.5695e-07 0.100294 2 0.00112613 0.00570397
1.08308 0.481976 0.125368 -1.18932e-07 0.100295 2 0.00112613 0.00570391
1.08408 0.48648 0.125366 6.93825e-08 0.100293 2 0.00112612 0.005704
1.08509 0.490985 0.125372 3.58027e-08 0.100297 2 0.00112613 0.00570376
1.08609 0.495489 0.12536 1.87625e-08 0.100279 1.99982 0.00112603 0.00570429
1.08709 0.499995 0.125323 3.7031e-08 0.100231 1.99946 0.00112582 0.005706
1.08809 0.504505 0.125 0 0.1 2 0.00112613 0.00572072
1.08909 0.509009 0.125 0 0.1 2 0.00112613 0.00572072
1.09009 0.513514 0.125 0 0.1 2 0.00112613 0.00572072
1.09109 0.518018 0.125 0 0.1 2 0.00112613 0.00572072
1.09209 0.522523 0.125 0 0.1 2 0.00112613 0.00572072
1.09309 0.527027 0.125 0 0.1 2 0.00112613 0.00572072
1.09409 0.531532 0.125 0 0.1 2 0.00112613 0.00572072
1.0951 0.536036 0.125 0 0.1 2 0.00112613 0.00572072
1.0961 0.540541 0.125 0 0.1 2 0.00112613 0.00572072
1.0971 0.545045 0.125 0 0.1 2 0.00112613 0.00572072
1.0981 0.54955 0.125 0 0.1 2 0.00112613 0.00572072
