-0.0990991 1
-0.0988176 1
-0.098536 1
-0.0982545 1
-0.097973 1
-0.0976914 1
-0.0974099 1
-0.0971284 1
-0.0968468 1
-0.0965653 1
-0.0962838 1
-0.0960023 1
-0.0957207 1
-0.0954392 1
-0.0951577 1
-0.0948761 1
-0.0945946 1
-0.0943131 1
-0.0940315 1
-0.09375 1
-0.0934685 1
-0.0931869 1
-0.0929054 1
-0.0926239 1
-0.0923423 1
-0.0920608 1
-0.0917793 1
-0.0914977 1
-0.0912162 1
-0.0909347 1
-0.0906532 1
-0.0903716 1
-0.0900901 1
-0.0898086 1
-0.089527 1
-0.0892455 1
-0.088964 1
-0.0886824 1
-0.0884009 1
-0.0881194 1
-0.0878378 1
-0.0875563 1
-0.0872748 1
-0.0869932 1
-0.0867117 1
-0.0864302 1
-0.0861486 1
-0.0858671 1
-0.0855856 1
-0.0853041 1
-0.0850225 1
-0.084741 1
-0.0844595 1
-0.0841779 1
-0.0838964 1
-0.0836149 1
-0.0833333 1
-0.0830518 1
-0.0827703 1
-0.0824887 1
-0.0822072 1
-0.0819257 1
-0.0816441 1
-0.0813626 1
-0.0810811 1
-0.0807995 1
-0.080518 1
-0.0802365 1
-0.079955 1
-0.0796734 1
-0.0793919 1
-0.0791104 1
-0.0788288 1
-0.0785473 1
-0.0782658 1
-0.0779842 1
-0.0777027 1
-0.0774212 1
-0.0771396 1
-0.0768581 1
-0.0765766 1
-0.076295 1
-0.0760135 1
-0.075732 1
-0.0754505 1
-0.0751689 1
-0.0748874 1
-0.0746059 1
-0.0743243 1
-0.0740428 1
-0.0737613 1
-0.0734797 1
-0.0731982 1
-0.0729167 1
-0.0726351 1
-0.0723536 1
-0.0720721 1
-0.0717905 1
-0.071509 1
-0.0712275 1
-0.0709459 1
-0.0706644 1
-0.0703829 1
-0.0701014 1
-0.0698198 1
-0.0695383 1
-0.0692568 1
-0.0689752 1
-0.0686937 1
-0.0684122 1
-0.0681306 1
-0.0678491 1
-0.0675676 1
-0.067286 1
-0.0670045 1
-0.066723 1
-0.0664414 1
-0.0661599 1
-0.0658784 1
-0.0655968 1
-0.0653153 1
-0.0650338 1
-0.0647523 1
-0.0644707 1
-0.0641892 1
-0.0639077 1
-0.0636261 1
-0.0633446 1
-0.0630631 1
-0.0627815 1
-0.0625 1
-0.0622185 1
-0.0619369 1
-0.0616554 1
-0.0613739 1
-0.0610923 1
-0.0608108 1
-0.0605293 1
-0.0602477 1
-0.0599662 1
-0.0596847 1
-0.0594032 1
-0.0591216 1
-0.0588401 1
-0.0585586 1
-0.058277 1
-0.0579955 1
-0.057714 1
-0.0574324 1
-0.0571509 1
-0.0568694 1
-0.0565878 1
-0.0563063 1
-0.0560248 1
-0.0557432 1
-0.0554617 1
-0.0551802 1
-0.0548986 1
-0.0546171 1
-0.0543356 1
-0.0540541 1
-0.0537725 1
-0.053491 1
-0.0532095 1
-0.0529279 1
-0.0526464 1
-0.0523649 1
-0.0520833 1
-0.0518018 1
-0.0515203 1
-0.0512387 1
-0.0509572 1
-0.0506757 1
-0.0503941 1
-0.0501126 1
-0.0498311 1
-0.0495495 1
-0.049268 1
-0.0489865 1
-0.048705 1
-0.0484234 1
-0.0481419 1
-0.0478604 1
-0.0475788 1
-0.0472973 1
-0.0470158 1
-0.0467342 1
-0.0464527 1
-0.0461712 1
-0.0458896 1
-0.0456081 1
-0.0453266 1
-0.045045 1
-0.0447635 1
-0.044482 1
-0.0442005 1
-0.0439189 1
-0.0436374 1
-0.0433559 1
-0.0430743 1
-0.0427928 1
-0.0425113 1
-0.0422297 1
-0.0419482 1
-0.0416667 1
-0.0413851 1
-0.0411036 1
-0.0408221 1
-0.0405405 1
-0.040259 1
-0.0399775 1
-0.0396959 1
-0.0394144 1
-0.0391329 1
-0.0388514 1
-0.0385698 1
-0.0382883 1
-0.0380068 1
-0.0377252 1
-0.0374437 1
-0.0371622 1
-0.0368806 1
-0.0365991 1
-0.0363176 1
-0.036036 1
-0.0357545 1
-0.035473 1
-0.0351914 1
-0.0349099 1
-0.0346284 1
-0.0343468 1
-0.0340653 1
-0.0337838 1
-0.0335023 1
-0.0332207 1
-0.0329392 1
-0.0326577 1
-0.0323761 1
-0.0320946 1
-0.0318131 1
-0.0315315 1
-0.03125 1
-0.0309685 1
-0.0306869 1
-0.0304054 1
-0.0301239 1
-0.0298423 1
-0.0295608 1
-0.0292793 1
-0.0289977 1
-0.0287162 1
-0.0284347 1
-0.0281532 1
-0.0278716 1
-0.0275901 1
-0.0273086 1
-0.027027 1
-0.0267455 1
-0.026464 1
-0.0261824 1
-0.0259009 1
-0.0256194 1
-0.0253378 1
-0.0250563 1
-0.0247748 1
-0.0244932 1
-0.0242117 1
-0.0239302 1
-0.0236486 1
-0.0233671 1
-0.0230856 1
-0.0228041 1
-0.0225225 1
-0.022241 1
-0.0219595 1
-0.0216779 1
-0.0213964 1
-0.0211149 1
-0.0208333 1
-0.0205518 1
-0.0202703 1
-0.0199887 1
-0.0197072 1
-0.0194257 1
-0.0191441 1
-0.0188626 1
-0.0185811 1
-0.0182995 1
-0.018018 1
-0.0177365 1
-0.017455 1
-0.0171734 1
-0.0168919 1
-0.0166104 1
-0.0163288 1
-0.0160473 1
-0.0157658 1
-0.0154842 1
-0.0152027 1
-0.0149212 1
-0.0146396 1
-0.0143581 1
-0.0140766 1
-0.013795 1
-0.0135135 1
-0.013232 1
-0.0129505 1
-0.0126689 1
-0.0123874 1
-0.0121059 1
-0.0118243 1
-0.0115428 1
-0.0112613 1
-0.0109797 1
-0.0106982 1
-0.0104167 1
-0.0101351 1
-0.0098536 1
-0.00957207 1
-0.00929054 1
-0.00900901 1
-0.00872748 1
-0.00844595 1
-0.00816441 1
-0.00788288 1
-0.00760135 1
-0.00731982 1
-0.00703829 1
-0.00675676 1
-0.00647523 1
-0.00619369 1
-0.00591216 1
-0.00563063 1
-0.0053491 1
-0.00506757 1
-0.00478604 1
-0.0045045 1
-0.00422297 1
-0.00394144 1
-0.00365991 1
-0.00337838 1
-0.00309685 1
-0.00281532 1
-0.00253378 1
-0.00225225 1
-0.00197072 1
-0.00168919 1
-0.00140766 1
-0.00112613 1
-0.000844595 1
-0.000563063 1
-0.000281532 1
-8.50015e-24 1.00444
0.000281532 1.00444
0.000563063 1.00444
0.000844595 1.00444
0.00112613 1.00444
0.00140766 1.00444
0.00168919 1.00444
0.00197072 1.00444
0.00225225 1.00444
0.00253378 1.00444
0.00281532 1.00444
0.00309685 1.00444
0.00337838 1.00444
0.00365991 1.00444
0.00394144 1.00444
0.00422297 1.00444
0.0045045 1.00444
0.00478604 1.00444
0.00506757 1.00444
0.0053491 1.00444
0.00563063 1.00444
0.00591216 1.00444
0.00619369 1.00444
0.00647523 1.00444
0.00675676 1.00444
0.00703829 1.00444
0.00731982 1.00444
0.00760135 1.00444
0.00788288 1.00444
0.00816441 1.00444
0.00844595 1.00444
0.00872748 1.00444
0.00900901 1.00444
0.00929054 1.00444
0.00957207 1.00444
0.0098536 1.00444
0.0101351 1.00444
0.0104167 1.00444
0.0106982 1.00444
0.0109797 1.00444
0.0112613 1.00444
0.0115428 1.00444
0.0118243 1.00444
0.0121059 1.00444
0.0123874 1.00444
0.0126689 1.00444
0.0129505 1.00444
0.013232 1.00444
0.0135135 1.00444
0.013795 1.00444
0.0140766 1.00444
0.0143581 1.00444
0.0146396 1.00444
0.0149212 1.00444
0.0152027 1.00444
0.0154842 1.00444
0.0157658 1.00444
0.0160473 1.00444
0.0163288 1.00444
0.0166104 1.00444
0.0168919 1.00444
0.0171734 1.00444
0.017455 1.00444
0.0177365 1.00444
0.018018 1.00444
0.0182995 1.00444
0.0185811 1.00444
0.0188626 1.00444
0.0191441 1.00444
0.0194257 1.00444
0.0197072 1.00444
0.0199887 1.00444
0.0202703 1.00444
0.0205518 1.00444
0.0208333 1.00444
0.0211149 1.00444
0.0213964 1.00444
0.0216779 1.00444
0.0219595 1.00444
0.022241 1.00444
0.0225225 1.00444
0.0228041 1.00444
0.0230856 1.00444
0.0233671 1.00444
0.0236486 1.00444
0.0239302 1.00444
0.0242117 1.00444
0.0244932 1.00444
0.0247748 1.00444
0.0250563 1.00444
0.0253378 1.00444
0.0256194 1.00444
0.0259009 1.00444
0.0261824 1.00444
0.026464 1.00444
0.0267455 1.00444
0.027027 1.00444
0.0273086 1.00444
0.0275901 1.00444
0.0278716 1.00444
0.0281532 1.00444
0.0284347 1.00444
0.0287162 1.00444
0.0289977 1.00444
0.0292793 1.00444
0.0295608 1.00444
0.0298423 1.00444
0.0301239 1.00444
0.0304054 1.00444
0.0306869 1.00444
0.0309685 1.00444
0.03125 1.00444
0.0315315 1.00444
0.0318131 1.00444
0.0320946 1.00444
0.0323761 1.00444
0.0326577 1.00444
0.0329392 1.00444
0.0332207 1.00444
0.0335023 1.00444
0.0337838 1.00444
0.0340653 1.00444
0.0343468 1.00444
0.0346284 1.00444
0.0349099 1.00444
0.0351914 1.00444
0.035473 1.00444
0.0357545 1.00444
0.036036 1.00444
0.0363176 1.00444
0.0365991 1.00444
0.0368806 1.00444
0.0371622 1.00444
0.0374437 1.00444
0.0377252 1.00444
0.0380068 1.00444
0.0382883 1.00444
0.0385698 1.00444
0.0388514 1.00444
0.0391329 1.00444
0.0394144 1.00444
0.0396959 1.00444
0.0399775 1.00444
0.040259 1.00444
0.0405405 1.00444
0.0408221 1.00444
0.0411036 1.00444
0.0413851 1.00444
0.0416667 1.00444
0.0419482 1.00444
0.0422297 1.00444
0.0425113 1.00444
0.0427928 1.00444
0.0430743 1.00444
0.0433559 1.00444
0.0436374 1.00444
0.0439189 1.00444
0.0442005 1.00444
0.044482 1.00444
0.0447635 1.00444
0.045045 1.00444
0.0453266 1.00444
0.0456081 1.00444
0.0458896 1.00444
0.0461712 1.00444
0.0464527 1.00444
0.0467342 1.00444
0.0470158 1.00444
0.0472973 1.00444
0.0475788 1.00444
0.0478604 1.00444
0.0481419 1.00444
0.0484234 1.00444
0.048705 1.00444
0.0489865 1.00444
0.049268 1.00444
0.0495495 1.00444
0.0498311 1.00444
0.0501126 1.00444
0.0503941 1.00444
0.0506757 1.00444
0.0509572 1.00444
0.0512387 1.00444
0.0515203 1.00444
0.0518018 1.00444
0.0520833 1.00444
0.0523649 1.00444
0.0526464 1.00444
0.0529279 1.00444
0.0532095 1.00444
0.053491 1.00444
0.0537725 1.00444
0.0540541 1.00444
0.0543356 1.00444
0.0546171 1.00444
0.0548986 1.00444
0.0551802 1.00444
0.0554617 1.00444
0.0557432 1.00444
0.0560248 1.00444
0.0563063 1.00444
0.0565878 1.00444
0.0568694 1.00444
0.0571509 1.00444
0.0574324 1.00444
0.057714 1.00444
0.0579955 1.00444
0.058277 1.00444
0.0585586 1.00444
0.0588401 1.00444
0.0591216 1.00444
0.0594032 1.00444
0.0596847 1.00444
0.0599662 1.00444
0.0602477 1.00444
0.0605293 1.00444
0.0608108 1.00444
0.0610923 1.00444
0.0613739 1.00444
0.0616554 1.00444
0.0619369 1.00444
0.0622185 1.00444
0.0625 1.00444
0.0627815 1.00444
0.0630631 1.00444
0.0633446 1.00444
0.0636261 1.00444
0.0639077 1.00444
0.0641892 1.00444
0.0644707 1.00444
0.0647523 1.00444
0.0650338 1.00444
0.0653153 1.00444
0.0655968 1.00444
0.0658784 1.00444
0.0661599 1.00444
0.0664414 1.00444
0.066723 1.00444
0.0670045 1.00444
0.067286 1.00444
0.0675676 1.00444
0.0678491 1.00444
0.0681306 1.00444
0.0684122 1.00444
0.0686937 1.00444
0.0689752 1.00444
0.0692568 1.00444
0.0695383 1.00444
0.0698198 1.00444
0.0701014 1.00444
0.0703829 1.00444
0.0706644 1.00444
0.0709459 1.00444
0.0712275 1.00444
0.071509 1.00444
0.0717905 1.00444
0.0720721 1.00444
0.0723536 1.00444
0.0726351 1.00444
0.0729167 1.00444
0.0731982 1.00444
0.0734797 1.00444
0.0737613 1.00444
0.0740428 1.00444
0.0743243 1.00444
0.0746059 1.00444
0.0748874 1.00444
0.0751689 1.00444
0.0754505 1.00444
0.075732 1.00444
0.0760135 1.00444
0.076295 1.00444
0.0765766 1.00444
0.0768581 1.00444
0.0771396 1.00444
0.0774212 1.00444
0.0777027 1.00444
0.0779842 1.00444
0.0782658 1.00444
0.0785473 1.00444
0.0788288 1.00444
0.0791104 1.00444
0.0793919 1.00444
0.0796734 1.00444
0.079955 1.00444
0.0802365 1.00444
0.080518 1.00444
0.0807995 1.00444
0.0810811 1.00444
0.0813626 1.00444
0.0816441 1.00444
0.0819257 1.00444
0.0822072 1.00444
0.0824887 1.00444
0.0827703 1.00444
0.0830518 1.00444
0.0833333 1.00444
0.0836149 1.00444
0.0838964 1.00444
0.0841779 1.00444
0.0844595 1.00444
0.084741 1.00444
0.0850225 1.00444
0.0853041 1.00444
0.0855856 1.00444
0.0858671 1.00444
0.0861486 1.00444
0.0864302 1.00444
0.0867117 1.00444
0.0869932 1.00444
0.0872748 1.00444
0.0875563 1.00444
0.0878378 1.00444
0.0881194 1.00444
0.0884009 1.00444
0.0886824 1.00444
0.088964 1.00444
0.0892455 1.00444
0.089527 1.00444
0.0898086 1.00444
0.0900901 1.00444
0.0903716 1.00444
0.0906532 1.00444
0.0909347 1.00444
0.0912162 1.00444
0.0914977 1.00444
0.0917793 1.00444
0.0920608 1.00444
0.0923423 1.00444
0.0926239 1.00444
0.0929054 1.00444
0.0931869 1.00444
0.0934685 1.00444
0.09375 1.00444
0.0940315 1.00444
0.0943131 1.00444
0.0945946 1.00444
0.0948761 1.00444
0.0951577 1.00444
0.0954392 1.00444
0.0957207 1.00444
0.0960023 1.00444
0.0962838 1.00444
0.0965653 1.00444
0.0968468 1.00444
0.0971284 1.00444
0.0974099 1.00444
0.0976914 1.00444
0.097973 1.00444
0.0982545 1.00444
0.098536 1.00444
0.0988176 1.00444
0.0990991 1.00444
0.0993806 1.00444
0.0996622 1.00444
0.0999437 1.00444
0.100225 1.00444
0.100507 1.00444
0.100788 1.00444
0.10107 1.00444
0.101351 1.00444
0.101633 1.00444
0.101914 1.00444
0.102196 1.00444
0.102477 1.00444
0.102759 1.00444
0.103041 1.00444
0.103322 1.00444
0.103604 1.00444
0.103885 1.00444
0.104167 1.00444
0.104448 1.00444
0.10473 1.00444
0.105011 1.00444
0.105293 1.00444
0.105574 1.00444
0.105856 1.00444
0.106137 1.00444
0.106419 1.00444
0.1067 1.00444
0.106982 1.00444
0.107264 1.00444
0.107545 1.00444
0.107827 1.00444
0.108108 1.00444
0.10839 1.00444
0.108671 1.00444
0.108953 1.00444
0.109234 1.00444
0.109516 1.00444
0.109797 1.00444
0.110079 1.00444
0.11036 1.00444
0.110642 1.00444
0.110923 1.00444
0.111205 1.00444
0.111486 1.00444
0.111768 1.00444
0.11205 1.00444
0.112331 1.00444
0.112613 1.00444
0.112894 1.00444
0.113176 1.00444
0.113457 1.00444
0.113739 1.00444
0.11402 1.00444
0.114302 1.00444
0.114583 1.00444
0.114865 1.00444
0.115146 1.00444
0.115428 1.00444
0.115709 1.00444
0.115991 1.00444
0.116273 1.00444
0.116554 1.00444
0.116836 1.00444
0.117117 1.00444
0.117399 1.00444
0.11768 1.00444
0.117962 1.00444
0.118243 1.00444
0.118525 1.00444
0.118806 1.00444
0.119088 1.00444
0.119369 1.00444
0.119651 1.00444
0.119932 1.00444
0.120214 1.00444
0.120495 1.00444
0.120777 1.00444
0.121059 1.00444
0.12134 1.00444
0.121622 1.00444
0.121903 1.00444
0.122185 1.00444
0.122466 1.00444
0.122748 1.00444
0.123029 1.00444
0.123311 1.00444
0.123592 1.00444
0.123874 1.00444
0.124155 1.00444
0.124437 1.00444
0.124718 1.00444
0.125 1.00444
0.125282 1.00444
0.125563 1.00444
0.125845 1.00444
0.126126 1.00444
0.126408 1.00444
0.126689 1.00444
0.126971 1.00444
0.127252 1.00444
0.127534 1.00444
0.127815 1.00444
0.128097 1.00444
0.128378 1.00444
0.12866 1.00444
0.128941 1.00444
0.129223 1.00444
0.129505 1.00444
0.129786 1.00444
0.130068 1.00444
0.130349 1.00444
0.130631 1.00444
0.130912 1.00444
0.131194 1.00444
0.131475 1.00444
0.131757 1.00444
0.132038 1.00444
0.13232 1.00444
0.132601 1.00444
0.132883 1.00444
0.133164 1.00444
0.133446 1.00444
0.133727 1.00444
0.134009 1.00444
0.134291 1.00444
0.134572 1.00444
0.134854 1.00444
0.135135 1.00444
0.135417 1.00444
0.135698 1.00444
0.13598 1.00444
0.136261 1.00444
0.136543 1.00444
0.136824 1.00444
0.137106 1.00444
0.137387 1.00444
0.137669 1.00444
0.13795 1.00444
0.138232 1.00444
0.138514 1.00444
0.138795 1.00444
0.139077 1.00444
0.139358 1.00444
0.13964 1.00444
0.139921 1.00444
0.140203 1.00444
0.140484 1.00444
0.140766 1.00444
0.141047 1.00444
0.141329 1.00444
0.14161 1.00444
0.141892 1.00444
0.142173 1.00444
0.142455 1.00444
0.142736 1.00444
0.143018 1.00444
0.1433 1.00444
0.143581 1.00444
0.143863 1.00444
0.144144 1.00444
0.144426 1.00444
0.144707 1.00444
0.144989 1.00444
0.14527 1.00444
0.145552 1.00444
0.145833 1.00444
0.146115 1.00444
0.146396 1.00444
0.146678 1.00444
0.146959 1.00444
0.147241 1.00444
0.147523 1.00444
0.147804 1.00444
0.148086 1.00444
0.148367 1.00444
0.148649 1.00444
0.14893 1.00444
0.149212 1.00444
0.149493 1.00444
0.149775 1.00444
0.150056 1.00444
0.150338 1.00444
0.150619 1.00444
0.150901 1.00444
0.151182 1.00444
0.151464 1.00444
0.151745 1.00444
0.152027 1.00444
0.152309 1.00444
0.15259 1.00444
0.152872 1.00444
0.153153 1.00444
0.153435 1.00444
0.153716 1.00444
0.153998 1.00444
0.154279 1.00444
0.154561 1.00444
0.154842 1.00444
0.155124 1.00444
0.155405 1.00444
0.155687 1.00444
0.155968 1.00444
0.15625 1.00444
0.156532 1.00444
0.156813 1.00444
0.157095 1.00444
0.157376 1.00444
0.157658 1.00444
0.157939 1.00444
0.158221 1.00444
0.158502 1.00444
0.158784 1.00444
0.159065 1.00444
0.159347 1.00444
0.159628 1.00444
0.15991 1.00444
0.160191 1.00444
0.160473 1.00444
0.160755 1.00444
0.161036 1.00444
0.161318 1.00444
0.161599 1.00444
0.161881 1.00444
0.162162 1.00444
0.162444 1.00444
0.162725 1.00444
0.163007 1.00444
0.163288 1.00444
0.16357 1.00444
0.163851 1.00444
0.164133 1.00444
0.164414 1.00444
0.164696 1.00444
0.164977 1.00444
0.165259 1.00444
0.165541 1.00444
0.165822 1.00444
0.166104 1.00444
0.166385 1.00444
0.166667 1.00444
0.166948 1.00444
0.16723 1.00444
0.167511 1.00444
0.167793 1.00444
0.168074 1.00444
0.168356 1.00444
0.168637 1.00444
0.168919 1.00444
0.1692 1.00444
0.169482 1.00444
0.169764 1.00444
0.170045 1.00444
0.170327 1.00444
0.170608 1.00444
0.17089 1.00444
0.171171 1.00444
0.171453 1.00444
0.171734 1.00444
0.172016 1.00444
0.172297 1.00444
0.172579 1.00444
0.17286 1.00444
0.173142 1.00444
0.173423 1.00444
0.173705 1.00444
0.173986 1.00444
0.174268 1.00444
0.17455 1.00444
0.174831 1.00444
0.175113 1.00444
0.175394 1.00444
0.175676 1.00444
0.175957 1.00444
0.176239 1.00444
0.17652 1.00444
0.176802 1.00444
0.177083 1.00444
0.177365 1.00444
0.177646 1.00444
0.177928 1.00444
0.178209 1.00444
0.178491 1.00444
0.178773 1.00444
0.179054 1.00444
0.179336 1.00444
0.179617 1.00444
0.179899 1.00444
0.18018 1.00444
0.180462 1.00444
0.180743 1.00444
0.181025 1.00444
0.181306 1.00444
0.181588 1.00444
0.181869 1.00444
0.182151 1.00444
0.182432 1.00444
0.182714 1.00444
0.182995 1.00444
0.183277 1.00444
0.183559 1.00444
0.18384 1.00444
0.184122 1.00444
0.184403 1.00444
0.184685 1.00444
0.184966 1.00444
0.185248 1.00444
0.185529 1.00444
0.185811 1.00444
0.186092 1.00444
0.186374 1.00444
0.186655 1.00444
0.186937 1.00444
0.187218 1.00444
0.1875 1.00444
0.187782 1.00444
0.188063 1.00444
0.188345 1.00444
0.188626 1.00444
0.188908 1.00444
0.189189 1.00444
0.189471 1.00444
0.189752 1.00444
0.190034 1.00444
0.190315 1.00444
0.190597 1.00444
0.190878 1.00444
0.19116 1.00444
0.191441 1.00444
0.191723 1.00444
0.192005 1.00444
0.192286 1.00444
0.192568 1.00444
0.192849 1.00444
0.193131 1.00444
0.193412 1.00444
0.193694 1.00444
0.193975 1.00444
0.194257 1.00444
0.194538 1.00444
0.19482 1.00444
0.195101 1.00444
0.195383 1.00444
0.195664 1.00444
0.195946 1.00444
0.196227 1.00444
0.196509 1.00444
0.196791 1.00444
0.197072 1.00444
0.197354 1.00444
0.197635 1.00444
0.197917 1.00444
0.198198 1.00444
0.19848 1.00444
0.198761 1.00444
0.199043 1.00444
0.199324 1.00444
0.199606 1.00444
0.199887 1.00444
0.200169 1.00444
0.20045 1.00444
0.200732 1.00444
0.201014 1.00444
0.201295 1.00444
0.201577 1.00444
0.201858 1.00444
0.20214 1.00444
0.202421 1.00444
0.202703 1.00444
0.202984 1.00444
0.203266 1.00444
0.203547 1.00444
0.203829 1.00444
0.20411 1.00444
0.204392 1.00444
0.204673 1.00444
0.204955 1.00444
0.205236 1.00444
0.205518 1.00444
0.2058 1.00444
0.206081 1.00444
0.206363 1.00444
0.206644 1.00444
0.206926 1.00444
0.207207 1.00444
0.207489 1.00444
0.20777 1.00444
0.208052 1.00444
0.208333 1.00444
0.208615 1.00444
0.208896 1.00444
0.209178 1.00444
0.209459 1.00444
0.209741 1.00444
0.210023 1.00444
0.210304 1.00444
0.210586 1.00444
0.210867 1.00444
0.211149 1.00444
0.21143 1.00444
0.211712 1.00444
0.211993 1.00444
0.212275 1.00444
0.212556 1.00444
0.212838 1.00444
0.213119 1.00444
0.213401 1.00444
0.213682 1.00444
0.213964 1.00444
0.214245 1.00444
0.214527 1.00444
0.214809 1.00444
0.21509 1.00444
0.215372 1.00444
0.215653 1.00444
0.215935 1.00444
0.216216 1.00444
0.216498 1.00444
0.216779 1.00444
0.217061 1.00444
0.217342 1.00444
0.217624 1.00444
0.217905 1.00444
0.218187 1.00444
0.218468 1.00444
0.21875 1.00444
0.219032 1.00444
0.219313 1.00444
0.219595 1.00444
0.219876 1.00444
0.220158 1.00444
0.220439 1.00444
0.220721 1.00444
0.221002 1.00444
0.221284 1.00444
0.221565 1.00444
0.221847 1.00444
0.222128 1.00444
0.22241 1.00444
0.222691 1.00444
0.222973 1.00444
0.223255 1.00444
0.223536 1.00444
0.223818 1.00444
0.224099 1.00444
0.224381 1.00444
0.224662 1.00444
0.224944 1.00444
0.225225 1.00444
0.225507 1.00444
0.225788 1.00444
0.22607 1.00444
0.226351 1.00444
0.226633 1.00444
0.226914 1.00444
0.227196 1.00444
0.227477 1.00444
0.227759 1.00444
0.228041 1.00444
0.228322 1.00444
0.228604 1.00444
0.228885 1.00444
0.229167 1.00444
0.229448 1.00444
0.22973 1.00444
0.230011 1.00444
0.230293 1.00444
0.230574 1.00444
0.230856 1.00444
0.231137 1.00444
0.231419 1.00444
0.2317 1.00444
0.231982 1.00444
0.232264 1.00444
0.232545 1.00444
0.232827 1.00444
0.233108 1.00444
0.23339 1.00444
0.233671 1.00444
0.233953 1.00444
0.234234 1.00444
0.234516 1.00444
0.234797 1.00444
0.235079 1.00444
0.23536 1.00444
0.235642 1.00444
0.235923 1.00444
0.236205 1.00444
0.236486 1.00444
0.236768 1.00444
0.23705 1.00444
0.237331 1.00444
0.237613 1.00444
0.237894 1.00444
0.238176 1.00444
0.238457 1.00444
0.238739 1.00444
0.23902 1.00444
0.239302 1.00444
0.239583 1.00444
0.239865 1.00444
0.240146 1.00444
0.240428 1.00444
0.240709 1.00444
0.240991 1.00444
0.241273 1.00444
0.241554 1.00444
0.241836 1.00444
0.242117 1.00444
0.242399 1.00444
0.24268 1.00444
0.242962 1.00444
0.243243 1.00444
0.243525 1.00444
0.243806 1.00444
0.244088 1.00444
0.244369 1.00444
0.244651 1.00444
0.244932 1.00444
0.245214 1.00444
0.245495 1.00444
0.245777 1.00444
0.246059 1.00444
0.24634 1.00444
0.246622 1.00444
0.246903 1.00444
0.247185 1.00444
0.247466 1.00444
0.247748 1.00444
0.248029 1.00444
0.248311 1.00444
0.248592 1.00444
0.248874 1.00444
0.249155 1.00444
0.249437 1.00444
0.249718 1.00444
0.25 1.00444
0.250282 1.00444
0.250563 1.00444
0.250845 1.00444
0.251126 1.00444
0.251408 1.00444
0.251689 1.00444
0.251971 1.00444
0.252252 1.00444
0.252534 1.00444
0.252815 1.00444
0.253097 1.00444
0.253378 1.00444
0.25366 1.00444
0.253941 1.00444
0.254223 1.00444
0.254505 1.00444
0.254786 1.00444
0.255068 1.00444
0.255349 1.00444
0.255631 1.00444
0.255912 1.00444
0.256194 1.00444
0.256475 1.00444
0.256757 1.00444
0.257038 1.00444
0.25732 1.00444
0.257601 1.00444
0.257883 1.00444
0.258164 1.00444
0.258446 1.00444
0.258727 1.00444
0.259009 1.00444
0.259291 1.00444
0.259572 1.00444
0.259854 1.00444
0.260135 1.00444
0.260417 1.00444
0.260698 1.00444
0.26098 1.00444
0.261261 1.00444
0.261543 1.00444
0.261824 1.00444
0.262106 1.00444
0.262387 1.00444
0.262669 1.00444
0.26295 1.00444
0.263232 1.00444
0.263514 1.00444
0.263795 1.00444
0.264077 1.00444
0.264358 1.00444
0.26464 1.00444
0.264921 1.00444
0.265203 1.00444
0.265484 1.00444
0.265766 1.00444
0.266047 1.00444
0.266329 1.00444
0.26661 1.00444
0.266892 1.00444
0.267173 1.00444
0.267455 1.00444
0.267736 1.00444
0.268018 1.00444
0.2683 1.00444
0.268581 1.00444
0.268863 1.00444
0.269144 1.00444
0.269426 1.00444
0.269707 1.00444
0.269989 1.00444
0.27027 1.00444
0.270552 1.00444
0.270833 1.00444
0.271115 1.00444
0.271396 1.00444
0.271678 1.00444
0.271959 1.00444
0.272241 1.00444
0.272523 1.00444
0.272804 1.00444
0.273086 1.00444
0.273367 1.00444
0.273649 1.00444
0.27393 1.00444
0.274212 1.00444
0.274493 1.00444
0.274775 1.00444
0.275056 1.00444
0.275338 1.00444
0.275619 1.00444
0.275901 1.00444
0.276182 1.00444
0.276464 1.00444
0.276745 1.00444
0.277027 1.00444
0.277309 1.00444
0.27759 1.00444
0.277872 1.00444
0.278153 1.00444
0.278435 1.00444
0.278716 1.00444
0.278998 1.00444
0.279279 1.00444
0.279561 1.00444
0.279842 1.00444
0.280124 1.00444
0.280405 1.00444
0.280687 1.00444
0.280968 1.00444
0.28125 1.00444
0.281532 1.00444
0.281813 1.00444
0.282095 1.00444
0.282376 1.00444
0.282658 1.00444
0.282939 1.00444
0.283221 1.00444
0.283502 1.00444
0.283784 1.00444
0.284065 1.00444
0.284347 1.00444
0.284628 1.00444
0.28491 1.00444
0.285191 1.00444
0.285473 1.00444
0.285755 1.00444
0.286036 1.00444
0.286318 1.00444
0.286599 1.00444
0.286881 1.00444
0.287162 1.00444
0.287444 1.00444
0.287725 1.00444
0.288007 1.00444
0.288288 1.00444
0.28857 1.00444
0.288851 1.00444
0.289133 1.00444
0.289414 1.00444
0.289696 1.00444
0.289977 1.00444
0.290259 1.00444
0.290541 1.00444
0.290822 1.00444
0.291104 1.00444
0.291385 1.00444
0.291667 1.00444
0.291948 1.00444
0.29223 1.00444
0.292511 1.00444
0.292793 1.00444
0.293074 1.00444
0.293356 1.00444
0.293637 1.00444
0.293919 1.00444
0.2942 1.00444
0.294482 1.00444
0.294764 1.00444
0.295045 1.00444
0.295327 1.00444
0.295608 1.00444
0.29589 1.00444
0.296171 1.00444
0.296453 1.00444
0.296734 1.00444
0.297016 1.00444
0.297297 1.00444
0.297579 1.00444
0.29786 1.00444
0.298142 1.00444
0.298423 1.00444
0.298705 1.00444
0.298986 1.00444
0.299268 1.00444
0.29955 1.00444
0.299831 1.00444
0.300113 1.00444
0.300394 1.00444
0.300676 1.00444
0.300957 1.00444
0.301239 1.00444
0.30152 1.00444
0.301802 1.00444
0.302083 1.00444
0.302365 1.00444
0.302646 1.00444
0.302928 1.00444
0.303209 1.00444
0.303491 1.00444
0.303773 1.00444
0.304054 1.00444
0.304336 1.00444
0.304617 1.00444
0.304899 1.00444
0.30518 1.00444
0.305462 1.00444
0.305743 1.00444
0.306025 1.00444
0.306306 1.00444
0.306588 1.00444
0.306869 1.00444
0.307151 1.00444
0.307432 1.00444
0.307714 1.00444
0.307995 1.00444
0.308277 1.00444
0.308559 1.00444
0.30884 1.00444
0.309122 1.00444
0.309403 1.00444
0.309685 1.00444
0.309966 1.00444
0.310248 1.00444
0.310529 1.00444
0.310811 1.00444
0.311092 1.00444
0.311374 1.00444
0.311655 1.00444
0.311937 1.00444
0.312218 1.00444
0.3125 1.00444
0.312782 1.00444
0.313063 1.00444
0.313345 1.00444
0.313626 1.00444
0.313908 1.00444
0.314189 1.00444
0.314471 1.00444
0.314752 1.00444
0.315034 1.00444
0.315315 1.00444
0.315597 1.00444
0.315878 1.00444
0.31616 1.00444
0.316441 1.00444
0.316723 1.00444
0.317005 1.00444
0.317286 1.00444
0.317568 1.00444
0.317849 1.00444
0.318131 1.00444
0.318412 1.00444
0.318694 1.00444
0.318975 1.00444
0.319257 1.00444
0.319538 1.00444
0.31982 1.00444
0.320101 1.00444
0.320383 1.00444
0.320664 1.00444
0.320946 1.00444
0.321227 1.00444
0.321509 1.00444
0.321791 1.00444
0.322072 1.00444
0.322354 1.00444
0.322635 1.00444
0.322917 1.00444
0.323198 1.00444
0.32348 1.00444
0.323761 1.00444
0.324043 1.00444
0.324324 1.00444
0.324606 1.00444
0.324887 1.00444
0.325169 1.00444
0.32545 1.00444
0.325732 1.00444
0.326014 1.00444
0.326295 1.00444
0.326577 1.00444
0.326858 1.00444
0.32714 1.00444
0.327421 1.00444
0.327703 1.00444
0.327984 1.00444
0.328266 1.00444
0.328547 1.00444
0.328829 1.00444
0.32911 1.00444
0.329392 1.00444
0.329673 1.00444
0.329955 1.00444
0.330236 1.00444
0.330518 1.00444
0.3308 1.00444
0.331081 1.00444
0.331363 1.00444
0.331644 1.00444
0.331926 1.00444
0.332207 1.00444
0.332489 1.00444
0.33277 1.00444
0.333052 1.00444
0.333333 1.00444
0.333615 1.00444
0.333896 1.00444
0.334178 1.00444
0.334459 1.00444
0.334741 1.00444
0.335023 1.00444
0.335304 1.00444
0.335586 1.00444
0.335867 1.00444
0.336149 1.00444
0.33643 1.00444
0.336712 1.00444
0.336993 1.00444
0.337275 1.00444
0.337556 1.00444
0.337838 1.00444
0.338119 1.00444
0.338401 1.00444
0.338682 1.00444
0.338964 1.00444
0.339245 1.00444
0.339527 1.00444
0.339809 1.00444
0.34009 1.00444
0.340372 1.00444
0.340653 1.00444
0.340935 1.00444
0.341216 1.00444
0.341498 1.00444
0.341779 1.00444
0.342061 1.00444
0.342342 1.00444
0.342624 1.00444
0.342905 1.00444
0.343187 1.00444
0.343468 1.00444
0.34375 1.00444
0.344032 1.00444
0.344313 1.00444
0.344595 1.00444
0.344876 1.00444
0.345158 1.00444
0.345439 1.00444
0.345721 1.00444
0.346002 1.00444
0.346284 1.00444
0.346565 1.00444
0.346847 1.00444
0.347128 1.00444
0.34741 1.00444
0.347691 1.00444
0.347973 1.00444
0.348255 1.00444
0.348536 1.00444
0.348818 1.00444
0.349099 1.00444
0.349381 1.00444
0.349662 1.00444
0.349944 1.00444
0.350225 1.00444
0.350507 1.00444
0.350788 1.00444
0.35107 1.00444
0.351351 1.00444
0.351633 1.00444
0.351914 1.00444
0.352196 1.00444
0.352477 1.00444
0.352759 1.00444
0.353041 1.00444
0.353322 1.00444
0.353604 1.00444
0.353885 1.00444
0.354167 1.00444
0.354448 1.00444
0.35473 1.00444
0.355011 1.00444
0.355293 1.00444
0.355574 1.00444
0.355856 1.00444
0.356137 1.00444
0.356419 1.00444
0.3567 1.00444
0.356982 1.00444
0.357264 1.00444
0.357545 1.00444
0.357827 1.00444
0.358108 1.00444
0.35839 1.00444
0.358671 1.00444
0.358953 1.00444
0.359234 1.00444
0.359516 1.00444
0.359797 1.00444
0.360079 1.00444
0.36036 1.00444
0.360642 1.00444
0.360923 1.00444
0.361205 1.00444
0.361486 1.00444
0.361768 1.00444
0.36205 1.00444
0.362331 1.00444
0.362613 1.00444
0.362894 1.00444
0.363176 1.00444
0.363457 1.00444
0.363739 1.00444
0.36402 1.00444
0.364302 1.00444
0.364583 1.00444
0.364865 1.00444
0.365146 1.00444
0.365428 1.00444
0.365709 1.00444
0.365991 1.00444
0.366273 1.00444
0.366554 1.00444
0.366836 1.00444
0.367117 1.00444
0.367399 1.00444
0.36768 1.00444
0.367962 1.00444
0.368243 1.00444
0.368525 1.00444
0.368806 1.00444
0.369088 1.00444
0.369369 1.00444
0.369651 1.00444
0.369932 1.00444
0.370214 1.00444
0.370495 1.00444
0.370777 1.00444
0.371059 1.00444
0.37134 1.00444
0.371622 1.00444
0.371903 1.00444
0.372185 1.00444
0.372466 1.00444
0.372748 1.00444
0.373029 1.00444
0.373311 1.00444
0.373592 1.00444
0.373874 1.00444
0.374155 1.00444
0.374437 1.00444
0.374718 1.00444
0.375 1.00444
0.375282 1.00444
0.375563 1.00444
0.375845 1.00444
0.376126 1.00444
0.376408 1.00444
0.376689 1.00444
0.376971 1.00444
0.377252 1.00444
0.377534 1.00444
0.377815 1.00444
0.378097 1.00444
0.378378 1.00444
0.37866 1.00444
0.378941 1.00444
0.379223 1.00444
0.379505 1.00444
0.379786 1.00444
0.380068 1.00444
0.380349 1.00444
0.380631 1.00444
0.380912 1.00444
0.381194 1.00444
0.381475 1.00444
0.381757 1.00444
0.382038 1.00444
0.38232 1.00444
0.382601 1.00444
0.382883 1.00444
0.383164 1.00444
0.383446 1.00444
0.383727 1.00444
0.384009 1.00444
0.384291 1.00444
0.384572 1.00444
0.384854 1.00444
0.385135 1.00444
0.385417 1.00444
0.385698 1.00444
0.38598 1.00444
0.386261 1.00444
0.386543 1.00444
0.386824 1.00444
0.387106 1.00444
0.387387 1.00444
0.387669 1.00444
0.38795 1.00444
0.388232 1.00444
0.388514 1.00444
0.388795 1.00444
0.389077 1.00444
0.389358 1.00444
0.38964 1.00444
0.389921 1.00444
0.390203 1.00444
0.390484 1.00444
0.390766 1.00444
0.391047 1.00444
0.391329 1.00444
0.39161 1.00444
0.391892 1.00444
0.392173 1.00444
0.392455 1.00444
0.392736 1.00444
0.393018 1.00444
0.3933 1.00444
0.393581 1.00444
0.393863 1.00444
0.394144 1.00444
0.394426 1.00444
0.394707 1.00444
0.394989 1.00444
0.39527 1.00444
0.395552 1.00444
0.395833 1.00444
0.396115 1.00444
0.396396 1.00444
0.396678 1.00444
0.396959 1.00444
0.397241 1.00444
0.397523 1.00444
0.397804 1.00444
0.398086 1.00444
0.398367 1.00444
0.398649 1.00444
0.39893 1.00444
0.399212 1.00444
0.399493 1.00444
0.399775 1.00444
0.400056 1.00444
0.400338 1.00444
0.400619 1.00444
0.400901 1.00444
0.401182 1.00444
0.401464 1.00444
0.401745 1.00444
0.402027 1.00444
0.402309 1.00444
0.40259 1.00444
0.402872 1.00444
0.403153 1.00444
0.403435 1.00444
0.403716 1.00444
0.403998 1.00444
0.404279 1.00444
0.404561 1.00444
0.404842 1.00444
0.405124 1.00444
0.405405 1.00444
0.405687 1.00444
0.405968 1.00444
0.40625 1.00444
0.406532 1.00444
0.406813 1.00444
0.407095 1.00444
0.407376 1.00444
0.407658 1.00444
0.407939 1.00444
0.408221 1.00444
0.408502 1.00444
0.408784 1.00444
0.409065 1.00444
0.409347 1.00444
0.409628 1.00444
0.40991 1.00444
0.410191 1.00444
0.410473 1.00444
0.410755 1.00444
0.411036 1.00444
0.411318 1.00444
0.411599 1.00444
0.411881 1.00444
0.412162 1.00444
0.412444 1.00444
0.412725 1.00444
0.413007 1.00444
0.413288 1.00444
0.41357 1.00444
0.413851 1.00444
0.414133 1.00444
0.414414 1.00444
0.414696 1.00444
0.414977 1.00444
0.415259 1.00444
0.415541 1.00444
0.415822 1.00444
0.416104 1.00444
0.416385 1.00444
0.416667 1.00444
0.416948 1.00444
0.41723 1.00444
0.417511 1.00444
0.417793 1.00444
0.418074 1.00444
0.418356 1.00444
0.418637 1.00444
0.418919 1.00444
0.4192 1.00444
0.419482 1.00444
0.419764 1.00444
0.420045 1.00444
0.420327 1.00444
0.420608 1.00444
0.42089 1.00444
0.421171 1.00444
0.421453 1.00444
0.421734 1.00444
0.422016 1.00444
0.422297 1.00444
0.422579 1.00444
0.42286 1.00444
0.423142 1.00444
0.423423 1.00444
0.423705 1.00444
0.423986 1.00444
0.424268 1.00444
0.42455 1.00444
0.424831 1.00444
0.425113 1.00444
0.425394 1.00444
0.425676 1.00444
0.425957 1.00444
0.426239 1.00444
0.42652 1.00444
0.426802 1.00444
0.427083 1.00444
0.427365 1.00444
0.427646 1.00444
0.427928 1.00444
0.428209 1.00444
0.428491 1.00444
0.428773 1.00444
0.429054 1.00444
0.429336 1.00444
0.429617 1.00444
0.429899 1.00444
0.43018 1.00444
0.430462 1.00444
0.430743 1.00444
0.431025 1.00444
0.431306 1.00444
0.431588 1.00444
0.431869 1.00444
0.432151 1.00444
0.432432 1.00444
0.432714 1.00444
0.432995 1.00444
0.433277 1.00444
0.433559 1.00444
0.43384 1.00444
0.434122 1.00444
0.434403 1.00444
0.434685 1.00444
0.434966 1.00444
0.435248 1.00444
0.435529 1.00444
0.435811 1.00444
0.436092 1.00444
0.436374 1.00444
0.436655 1.00444
0.436937 1.00444
0.437218 1.00444
0.4375 1.00444
0.437782 1.00444
0.438063 1.00444
0.438345 1.00444
0.438626 1.00444
0.438908 1.00444
0.439189 1.00444
0.439471 1.00444
0.439752 1.00444
0.440034 1.00444
0.440315 1.00444
0.440597 1.00444
0.440878 1.00444
0.44116 1.00444
0.441441 1.00444
0.441723 1.00444
0.442005 1.00444
0.442286 1.00444
0.442568 1.00444
0.442849 1.00444
0.443131 1.00444
0.443412 1.00444
0.443694 1.00444
0.443975 1.00444
0.444257 1.00444
0.444538 1.00444
0.44482 1.00444
0.445101 1.00444
0.445383 1.00444
0.445664 1.00444
0.445946 1.00444
0.446227 1.00444
0.446509 1.00444
0.446791 1.00444
0.447072 1.00444
0.447354 1.00444
0.447635 1.00444
0.447917 1.00444
0.448198 1.00444
0.44848 1.00444
0.448761 1.00444
0.449043 1.00444
0.449324 1.00444
0.449606 1.00444
0.449887 1.00444
0.450169 1.00444
0.45045 1.00444
0.450732 1.00444
0.451014 1.00444
0.451295 1.00444
0.451577 1.00444
0.451858 1.00444
0.45214 1.00444
0.452421 1.00444
0.452703 1.00444
0.452984 1.00444
0.453266 1.00444
0.453547 1.00444
0.453829 1.00444
0.45411 1.00444
0.454392 1.00444
0.454673 1.00444
0.454955 1.00444
0.455236 1.00444
0.455518 1.00444
0.4558 1.00444
0.456081 1.00444
0.456363 1.00444
0.456644 1.00444
0.456926 1.00444
0.457207 1.00444
0.457489 1.00444
0.45777 1.00444
0.458052 1.00444
0.458333 1.00444
0.458615 1.00444
0.458896 1.00444
0.459178 1.00444
0.459459 1.00444
0.459741 1.00444
0.460023 1.00444
0.460304 1.00444
0.460586 1.00444
0.460867 1.00444
0.461149 1.00444
0.46143 1.00444
0.461712 1.00444
0.461993 1.00444
0.462275 1.00444
0.462556 1.00444
0.462838 1.00444
0.463119 1.00444
0.463401 1.00444
0.463682 1.00444
0.463964 1.00444
0.464245 1.00444
0.464527 1.00444
0.464809 1.00444
0.46509 1.00444
0.465372 1.00444
0.465653 1.00444
0.465935 1.00444
0.466216 1.00444
0.466498 1.00444
0.466779 1.00444
0.467061 1.00444
0.467342 1.00444
0.467624 1.00444
0.467905 1.00444
0.468187 1.00444
0.468468 1.00444
0.46875 1.00444
0.469032 1.00444
0.469313 1.00444
0.469595 1.00444
0.469876 1.00444
0.470158 1.00444
0.470439 1.00444
0.470721 1.00444
0.471002 1.00444
0.471284 1.00444
0.471565 1.00444
0.471847 1.00444
0.472128 1.00444
0.47241 1.00444
0.472691 1.00444
0.472973 1.00444
0.473255 1.00444
0.473536 1.00444
0.473818 1.00444
0.474099 1.00444
0.474381 1.00444
0.474662 1.00444
0.474944 1.00444
0.475225 1.00444
0.475507 1.00444
0.475788 1.00444
0.47607 1.00444
0.476351 1.00444
0.476633 1.00444
0.476914 1.00444
0.477196 1.00444
0.477477 1.00444
0.477759 1.00444
0.478041 1.00444
0.478322 1.00444
0.478604 1.00444
0.478885 1.00444
0.479167 1.00444
0.479448 1.00444
0.47973 1.00444
0.480011 1.00444
0.480293 1.00444
0.480574 1.00444
0.480856 1.00444
0.481137 1.00444
0.481419 1.00444
0.4817 1.00444
0.481982 1.00444
0.482264 1.00444
0.482545 1.00444
0.482827 1.00444
0.483108 1.00444
0.48339 1.00444
0.483671 1.00444
0.483953 1.00444
0.484234 1.00444
0.484516 1.00444
0.484797 1.00444
0.485079 1.00444
0.48536 1.00444
0.485642 1.00444
0.485923 1.00444
0.486205 1.00444
0.486486 1.00444
0.486768 1.00444
0.48705 1.00444
0.487331 1.00444
0.487613 1.00444
0.487894 1.00444
0.488176 1.00444
0.488457 1.00444
0.488739 1.00444
0.48902 1.00444
0.489302 1.00444
0.489583 1.00444
0.489865 1.00444
0.490146 1.00444
0.490428 1.00444
0.490709 1.00444
0.490991 1.00444
0.491273 1.00444
0.491554 1.00444
0.491836 1.00444
0.492117 1.00444
0.492399 1.00444
0.49268 1.00444
0.492962 1.00444
0.493243 1.00444
0.493525 1.00444
0.493806 1.00444
0.494088 1.00444
0.494369 1.00444
0.494651 1.00444
0.494932 1.00444
0.495214 1.00444
0.495495 1.00444
0.495777 1.00444
0.496059 1.00444
0.49634 1.00446
0.496622 1.00452
0.496903 1.00465
0.497185 1.0049
0.497466 1.00528
0.497748 1.00583
0.498029 1.00659
0.498311 1.00758
0.498592 1.00886
0.498874 1.01046
0.499155 1.01234
0.499437 0.992375
0.499719 0.753302
0.502252 0.141577
0.504505 0.124361
0.506757 0.125555
0.509009 0.125555
0.511261 0.125555
0.513514 0.125555
0.515766 0.125555
0.518018 0.125555
0.52027 0.125555
0.522523 0.125555
0.524775 0.125555
0.527027 0.125555
0.529279 0.125555
0.531532 0.125555
0.533784 0.125555
0.536036 0.125555
0.538288 0.125555
0.540541 0.125555
0.542793 0.125555
0.545045 0.125555
0.547297 0.125555
0.54955 0.125555
0.551802 0.125555
0.554054 0.125555
0.556306 0.125555
0.558559 0.125555
0.560811 0.125555
0.563063 0.125555
0.565315 0.125555
0.567568 0.125555
0.56982 0.125555
0.572072 0.125555
0.574324 0.125555
0.576577 0.125555
0.578829 0.125555
0.581081 0.125555
0.583333 0.125555
0.585586 0.125555
0.587838 0.125555
0.59009 0.125555
0.592342 0.125555
0.594595 0.125555
0.596847 0.125555
0.599099 0.125555
0.601351 0.125555
0.603604 0.125555
0.605856 0.125555
0.608108 0.125555
0.61036 0.125555
0.612613 0.125555
0.614865 0.125555
0.617117 0.125555
0.619369 0.125555
0.621622 0.125555
0.623874 0.125555
0.626126 0.125555
0.628378 0.125555
0.630631 0.125555
0.632883 0.125555
0.635135 0.125555
0.637387 0.125555
0.63964 0.125555
0.641892 0.125555
0.644144 0.125555
0.646396 0.125555
0.648649 0.125555
0.650901 0.125555
0.653153 0.125555
0.655405 0.125555
0.657658 0.125555
0.65991 0.125555
0.662162 0.125555
0.664414 0.125555
0.666667 0.125555
0.668919 0.125555
0.671171 0.125555
0.673423 0.125555
0.675676 0.125555
0.677928 0.125555
0.68018 0.125555
0.682432 0.125555
0.684685 0.125555
0.686937 0.125555
0.689189 0.125555
0.691441 0.125555
0.693694 0.125555
0.695946 0.125555
0.698198 0.125555
0.70045 0.125555
0.702703 0.125555
0.704955 0.125555
0.707207 0.125555
0.709459 0.125555
0.711712 0.125555
0.713964 0.125555
0.716216 0.125555
0.718468 0.125555
0.720721 0.125555
0.722973 0.125555
0.725225 0.125555
0.727477 0.125555
0.72973 0.125555
0.731982 0.125555
0.734234 0.125555
0.736486 0.125555
0.738739 0.125555
0.740991 0.125555
0.743243 0.125555
0.745495 0.125555
0.747748 0.125555
0.75 0.125555
0.752252 0.125555
0.754505 0.125555
0.756757 0.125555
0.759009 0.125555
0.761261 0.125555
0.763514 0.125555
0.765766 0.125555
0.768018 0.125555
0.77027 0.125555
0.772523 0.125555
0.774775 0.125555
0.777027 0.125555
0.779279 0.125555
0.781532 0.125555
0.783784 0.125555
0.786036 0.125555
0.788288 0.125555
0.790541 0.125555
0.792793 0.125555
0.795045 0.125555
0.797297 0.125555
0.79955 0.125555
0.801802 0.125555
0.804054 0.125555
0.806306 0.125555
0.808559 0.125555
0.810811 0.125555
0.813063 0.125555
0.815315 0.125555
0.817568 0.125555
0.81982 0.125555
0.822072 0.125555
0.824324 0.125555
0.826577 0.125555
0.828829 0.125555
0.831081 0.125555
0.833333 0.125555
0.835586 0.125555
0.837838 0.125555
0.84009 0.125555
0.842342 0.125555
0.844595 0.125555
0.846847 0.125555
0.849099 0.125555
0.851351 0.125555
0.853604 0.125555
0.855856 0.125555
0.858108 0.125555
0.86036 0.125555
0.862613 0.125555
0.864865 0.125555
0.867117 0.125555
0.869369 0.125555
0.871622 0.125555
0.873874 0.125555
0.876126 0.125555
0.878378 0.125555
0.880631 0.125555
0.882883 0.125555
0.885135 0.125555
0.887387 0.125555
0.88964 0.125555
0.891892 0.125555
0.894144 0.125555
0.896396 0.125555
0.898649 0.125555
0.900901 0.125555
0.903153 0.125555
0.905405 0.125555
0.907658 0.125555
0.90991 0.125555
0.912162 0.125555
0.914414 0.125555
0.916667 0.125555
0.918919 0.125555
0.921171 0.125555
0.923423 0.125555
0.925676 0.125555
0.927928 0.125555
0.93018 0.125555
0.932432 0.125555
0.934685 0.125555
0.936937 0.125555
0.939189 0.125555
0.941441 0.125555
0.943694 0.125555
0.945946 0.125555
0.948198 0.125555
0.95045 0.125555
0.952703 0.125555
0.954955 0.125555
0.957207 0.125555
0.959459 0.125555
0.961712 0.125555
0.963964 0.125555
0.966216 0.125555
0.968468 0.125555
0.970721 0.125555
0.972973 0.125555
0.975225 0.125555
0.977477 0.125555
0.97973 0.125555
0.981982 0.125555
0.984234 0.125555
0.986486 0.125555
0.988739 0.125555
0.990991 0.125555
0.993243 0.125555
0.995495 0.125555
0.997748 0.125555
1 0.125555
1.00225 0.125
1.0045 0.125
1.00676 0.125
1.00901 0.125
1.01126 0.125
1.01351 0.125
1.01577 0.125
1.01802 0.125
1.02027 0.125
1.02252 0.125
1.02477 0.125
1.02703 0.125
1.02928 0.125
1.03153 0.125
1.03378 0.125
1.03604 0.125
1.03829 0.125
1.04054 0.125
1.04279 0.125
1.04505 0.125
1.0473 0.125
1.04955 0.125
1.0518 0.125
1.05405 0.125
1.05631 0.125
1.05856 0.125
1.06081 0.125
1.06306 0.125
1.06532 0.125
1.06757 0.125
1.06982 0.125
1.07207 0.125
1.07432 0.125
1.07658 0.125
1.07883 0.125
1.08108 0.125
1.08333 0.125
1.08559 0.125
1.08784 0.125
1.09009 0.125
1.09234 0.125
1.09459 0.125
1.09685 0.125
1.0991 0.125
