0.0880881 -0.5 1.00297 1.50434e-10 0.000712972
0.0890891 -0.499436 1.0029 2.33983e-10 0.000713026
0.0900901 -0.498873 1.00273 3.25563e-10 0.000713142
0.0910911 -0.49831 1.00275 4.28598e-10 0.000713129
0.0920921 -0.497747 1.00283 5.55854e-10 0.000713074
0.0930931 -0.497184 1.00293 6.96572e-10 0.000713003
0.0940941 -0.496621 1.00295 7.97405e-10 0.000712987
0.0950951 -0.496058 1.00294 9.39803e-10 0.000712994
0.0960961 -0.495495 1.00294 1.12128e-09 0.000712994
0.0970971 -0.494932 1.00294 1.30189e-09 0.000712994
0.0980981 -0.494369 1.00294 1.45829e-09 0.000712994
0.0990991 -0.493806 1.00294 1.65232e-09 0.000712994
0.1001 -0.493242 1.00294 1.8792e-09 0.000712994
0.101101 -0.492679 1.00294 2.11051e-09 0.000712994
0.102102 -0.492116 1.00294 2.38142e-09 0.000712994
0.103103 -0.491553 1.00294 2.67573e-09 0.000712994
0.104104 -0.49099 1.00294 2.98193e-09 0.000712994
0.105105 -0.490427 1.00294 3.30903e-09 0.000712994
0.106106 -0.489864 1.00294 3.68037e-09 0.000712994
0.107107 -0.489301 1.00294 4.07799e-09 0.000712994
0.108108 -0.488738 1.00294 4.52915e-09 0.000712994
0.109109 -0.488175 1.00294 4.98389e-09 0.000712994
0.11011 -0.487612 1.00294 5.43092e-09 0.000712994
0.111111 -0.487049 1.00294 5.91956e-09 0.000712994
0.112112 -0.486486 1.00294 6.4747e-09 0.000712994
0.113113 -0.485923 1.00294 7.03751e-09 0.000712994
0.114114 -0.48536 1.00294 7.60076e-09 0.000712994
0.115115 -0.484797 1.00294 8.13742e-09 0.000712994
0.116116 -0.484233 1.00294 8.68066e-09 0.000712994
0.117117 -0.48367 1.00294 9.26845e-09 0.000712994
0.118118 -0.483107 1.00294 9.87391e-09 0.000712994
0.119119 -0.482544 1.00294 1.041e-08 0.000712994
0.12012 -0.481981 1.00294 1.08725e-08 0.000712994
0.121121 -0.481418 1.00294 1.13425e-08 0.000712994
0.122122 -0.480855 1.00294 1.18155e-08 0.000712994
0.123123 -0.480292 1.00294 1.22463e-08 0.000712994
0.124124 -0.479729 1.00294 1.25722e-08 0.000712994
0.125125 -0.479166 1.00294 1.28228e-08 0.000712994
0.126126 -0.478603 1.00294 1.30244e-08 0.000712994
0.127127 -0.47804 1.00294 1.31896e-08 0.000712994
0.128128 -0.477477 1.00294 1.32662e-08 0.000712994
0.129129 -0.476914 1.00294 1.32413e-08 0.000712994
0.13013 -0.476351 1.00294 1.31235e-08 0.000712994
0.131131 -0.475787 1.00294 1.29523e-08 0.000712994
0.132132 -0.475224 1.00294 1.26877e-08 0.000712994
0.133133 -0.474661 1.00294 1.2335e-08 0.000712994
0.134134 -0.474098 1.00294 1.19135e-08 0.000712994
0.135135 -0.473535 1.00294 1.14105e-08 0.000712994
0.136136 -0.472972 1.00294 1.08479e-08 0.000712994
0.137137 -0.472409 1.00294 1.01606e-08 0.000712994
0.138138 -0.471846 1.00294 9.44639e-09 0.000712994
0.139139 -0.471283 1.00294 8.66989e-09 0.000712994
0.14014 -0.47072 1.00294 7.86159e-09 0.000712994
0.141141 -0.470157 1.00294 6.95778e-09 0.000712994
0.142142 -0.469594 1.00294 6.0352e-09 0.000712994
0.143143 -0.469031 1.00294 5.08223e-09 0.000712994
0.144144 -0.468468 1.00294 4.10784e-09 0.000712994
0.145145 -0.467905 1.00294 3.12525e-09 0.000712994
0.146146 -0.467342 1.00294 2.14257e-09 0.000712994
0.147147 -0.466778 1.00294 1.17268e-09 0.000712994
0.148148 -0.466215 1.00294 2.2359e-10 0.000712994
0.149149 -0.465652 1.00294 -6.69423e-10 0.000712994
0.15015 -0.465089 1.00294 -1.53276e-09 0.000712994
0.151151 -0.464526 1.00294 -2.35915e-09 0.000712994
0.152152 -0.463963 1.00294 -3.11725e-09 0.000712994
0.153153 -0.4634 1.00294 -3.71989e-09 0.000712994
0.154154 -0.462837 1.00294 -4.24068e-09 0.000712994
0.155155 -0.462274 1.00294 -4.72114e-09 0.000712994
0.156156 -0.461711 1.00294 -5.12862e-09 0.000712994
0.157157 -0.461148 1.00294 -5.38547e-09 0.000712994
0.158158 -0.460585 1.00294 -5.45586e-09 0.000712994
0.159159 -0.460022 1.00294 -5.44981e-09 0.000712994
0.16016 -0.459459 1.00294 -5.41531e-09 0.000712994
0.161161 -0.458896 1.00294 -5.32485e-09 0.000712994
0.162162 -0.458333 1.00294 -5.08652e-09 0.000712994
0.163163 -0.457769 1.00294 -4.73399e-09 0.000712994
0.164164 -0.457206 1.00294 -4.37167e-09 0.000712994
0.165165 -0.456643 1.00294 -4.0262e-09 0.000712994
0.166166 -0.45608 1.00294 -3.70022e-09 0.000712994
0.167167 -0.455517 1.00294 -3.29672e-09 0.000712994
0.168168 -0.454954 1.00294 -2.89098e-09 0.000712994
0.169169 -0.454391 1.00294 -2.51821e-09 0.000712994
0.17017 -0.453828 1.00294 -2.26045e-09 0.000712994
0.171171 -0.453265 1.00294 -2.0559e-09 0.000712994
0.172172 -0.452702 1.00294 -1.85201e-09 0.000712994
0.173173 -0.452139 1.00294 -1.68382e-09 0.000712994
0.174174 -0.451576 1.00294 -1.62491e-09 0.000712994
0.175175 -0.451013 1.00294 -1.67648e-09 0.000712994
0.176176 -0.45045 1.00294 -1.74788e-09 0.000712994
0.177177 -0.449887 1.00294 -1.87545e-09 0.000712994
0.178178 -0.449324 1.00294 -2.08236e-09 0.000712994
0.179179 -0.44876 1.00294 -2.37605e-09 0.000712994
0.18018 -0.448197 1.00294 -2.72568e-09 0.000712994
0.181181 -0.447634 1.00294 -3.14421e-09 0.000712994
0.182182 -0.447071 1.00294 -3.61836e-09 0.000712994
0.183183 -0.446508 1.00294 -4.17916e-09 0.000712994
0.184184 -0.445945 1.00294 -4.79502e-09 0.000712994
0.185185 -0.445382 1.00294 -5.50931e-09 0.000712994
0.186186 -0.444819 1.00294 -6.26651e-09 0.000712994
0.187187 -0.444256 1.00294 -7.09337e-09 0.000712994
0.188188 -0.443693 1.00294 -7.97739e-09 0.000712994
0.189189 -0.44313 1.00294 -8.94815e-09 0.000712994
0.19019 -0.442567 1.00294 -9.99948e-09 0.000712994
0.191191 -0.442004 1.00294 -1.10596e-08 0.000712994
0.192192 -0.441441 1.00294 -1.22168e-08 0.000712994
0.193193 -0.440878 1.00294 -1.33764e-08 0.000712994
0.194194 -0.440315 1.00294 -1.46911e-08 0.000712994
0.195195 -0.439751 1.00294 -1.59969e-08 0.000712994
0.196196 -0.439188 1.00294 -1.73715e-08 0.000712994
0.197197 -0.438625 1.00294 -1.87309e-08 0.000712994
0.198198 -0.438062 1.00294 -2.01895e-08 0.000712994
0.199199 -0.437499 1.00294 -2.16626e-08 0.000712994
0.2002 -0.436936 1.00294 -2.32017e-08 0.000712994
0.201201 -0.436373 1.00294 -2.47516e-08 0.000712994
0.202202 -0.43581 1.00294 -2.62408e-08 0.000712994
0.203203 -0.435247 1.00294 -2.77363e-08 0.000712994
0.204204 -0.434684 1.00294 -2.92702e-08 0.000712994
0.205205 -0.434121 1.00294 -3.07804e-08 0.000712994
0.206206 -0.433558 1.00294 -3.22236e-08 0.000712994
0.207207 -0.432995 1.00294 -3.36335e-08 0.000712994
0.208208 -0.432432 1.00294 -3.49317e-08 0.000712994
0.209209 -0.431869 1.00294 -3.61679e-08 0.000712994
0.21021 -0.431306 1.00294 -3.73346e-08 0.000712994
0.211211 -0.430742 1.00294 -3.84331e-08 0.000712994
0.212212 -0.430179 1.00294 -3.93919e-08 0.000712994
0.213213 -0.429616 1.00294 -4.02712e-08 0.000712994
0.214214 -0.429053 1.00294 -4.09663e-08 0.000712994
0.215215 -0.42849 1.00294 -4.14449e-08 0.000712994
0.216216 -0.427927 1.00294 -4.17489e-08 0.000712994
0.217217 -0.427364 1.00294 -4.19973e-08 0.000712994
0.218218 -0.426801 1.00294 -4.20803e-08 0.000712994
0.219219 -0.426238 1.00294 -4.17757e-08 0.000712994
0.22022 -0.425675 1.00294 -4.09768e-08 0.000712994
0.221221 -0.425112 1.00294 -4.02355e-08 0.000712994
0.222222 -0.424549 1.00294 -3.9421e-08 0.000712994
0.223223 -0.423986 1.00294 -3.83915e-08 0.000712994
0.224224 -0.423423 1.00294 -3.68064e-08 0.000712994
0.225225 -0.42286 1.00294 -3.51625e-08 0.000712994
0.226226 -0.422297 1.00294 -3.36031e-08 0.000712994
0.227227 -0.421733 1.00294 -3.21948e-08 0.000712994
0.228228 -0.42117 1.00294 -3.07977e-08 0.000712994
0.229229 -0.420607 1.00294 -2.92566e-08 0.000712994
0.23023 -0.420044 1.00294 -2.78809e-08 0.000712994
0.231231 -0.419481 1.00294 -2.69021e-08 0.000712994
0.232232 -0.418918 1.00294 -2.64781e-08 0.000712994
0.233233 -0.418355 1.00294 -2.62543e-08 0.000712994
0.234234 -0.417792 1.00294 -2.62265e-08 0.000712994
0.235235 -0.417229 1.00294 -2.67238e-08 0.000712994
0.236236 -0.416666 1.00294 -2.77153e-08 0.000712994
0.237237 -0.416103 1.00294 -2.8799e-08 0.000712994
0.238238 -0.41554 1.00294 -3.0136e-08 0.000712994
0.239239 -0.414977 1.00294 -3.17093e-08 0.000712994
0.24024 -0.414414 1.00294 -3.38097e-08 0.000712994
0.241241 -0.413851 1.00294 -3.58604e-08 0.000712994
0.242242 -0.413287 1.00294 -3.74803e-08 0.000712994
0.243243 -0.412724 1.00294 -3.88393e-08 0.000712994
0.244244 -0.412161 1.00294 -4.05481e-08 0.000712994
0.245245 -0.411598 1.00294 -4.25332e-08 0.000712994
0.246246 -0.411035 1.00294 -4.3951e-08 0.000712994
0.247247 -0.410472 1.00294 -4.42808e-08 0.000712994
0.248248 -0.409909 1.00294 -4.51691e-08 0.000712994
0.249249 -0.409346 1.00294 -4.6359e-08 0.000712994
0.25025 -0.408783 1.00294 -4.78477e-08 0.000712994
0.251251 -0.40822 1.00294 -4.89018e-08 0.000712994
0.252252 -0.407657 1.00294 -4.9659e-08 0.000712994
0.253253 -0.407094 1.00294 -5.10626e-08 0.000712994
0.254254 -0.406531 1.00294 -5.32567e-08 0.000712994
0.255255 -0.405968 1.00294 -5.65828e-08 0.000712994
0.256256 -0.405405 1.00294 -5.87866e-08 0.000712994
0.257257 -0.404842 1.00294 -6.10662e-08 0.000712994
0.258258 -0.404278 1.00294 -6.41145e-08 0.000712994
0.259259 -0.403715 1.00294 -6.87498e-08 0.000712994
0.26026 -0.403152 1.00294 -7.3765e-08 0.000712994
0.261261 -0.402589 1.00294 -7.70716e-08 0.000712994
0.262262 -0.402026 1.00294 -7.94972e-08 0.000712994
0.263263 -0.401463 1.00294 -8.32529e-08 0.000712994
0.264264 -0.4009 1.00294 -8.82514e-08 0.000712994
0.265265 -0.400337 1.00294 -9.20716e-08 0.000712994
0.266266 -0.399774 1.00294 -9.26956e-08 0.000712994
0.267267 -0.399211 1.00294 -9.47033e-08 0.000712994
0.268268 -0.398648 1.00294 -9.84609e-08 0.000712994
0.269269 -0.398085 1.00294 -1.02587e-07 0.000712994
0.27027 -0.397522 1.00294 -1.0572e-07 0.000712994
0.271271 -0.396959 1.00294 -1.07703e-07 0.000712994
0.272272 -0.396396 1.00294 -1.1219e-07 0.000712994
0.273273 -0.395833 1.00294 -1.17825e-07 0.000712994
0.274274 -0.395269 1.00294 -1.27745e-07 0.000712994
0.275275 -0.394706 1.00294 -1.35064e-07 0.000712994
0.276276 -0.394143 1.00294 -1.40094e-07 0.000712994
0.277277 -0.39358 1.00294 -1.47162e-07 0.000712994
0.278278 -0.393017 1.00294 -1.57871e-07 0.000712994
0.279279 -0.392454 1.00294 -1.70722e-07 0.000712994
0.28028 -0.391891 1.00294 -1.78811e-07 0.000712994
0.281281 -0.391328 1.00294 -1.81248e-07 0.000712994
0.282282 -0.390765 1.00294 -1.88232e-07 0.000712994
0.283283 -0.390202 1.00294 -1.99713e-07 0.000712994
0.284284 -0.389639 1.00294 -2.09672e-07 0.000712994
0.285285 -0.389076 1.00294 -2.11687e-07 0.000712994
0.286286 -0.388513 1.00294 -2.12458e-07 0.000712994
0.287287 -0.38795 1.00294 -2.17528e-07 0.000712994
0.288288 -0.387387 1.00294 -2.25023e-07 0.000712994
0.289289 -0.386824 1.00294 -2.37455e-07 0.000712994
0.29029 -0.38626 1.00294 -2.41393e-07 0.000712994
0.291291 -0.385697 1.00294 -2.39895e-07 0.000712994
0.292292 -0.385134 1.00294 -2.4455e-07 0.000712994
0.293293 -0.384571 1.00294 -2.61127e-07 0.000712994
0.294294 -0.384008 1.00294 -2.79713e-07 0.000712994
0.295295 -0.383445 1.00294 -2.84237e-07 0.000712994
0.296296 -0.382882 1.00294 -2.79119e-07 0.000712994
0.297297 -0.382319 1.00294 -2.86168e-07 0.000712994
0.298298 -0.381756 1.00294 -3.01083e-07 0.000712994
0.299299 -0.381193 1.00294 -3.0968e-07 0.000712994
0.3003 -0.38063 1.00294 -2.95052e-07 0.000712994
0.301301 -0.380067 1.00294 -2.8746e-07 0.000712994
0.302302 -0.379504 1.00294 -2.86461e-07 0.000712994
0.303303 -0.378941 1.00294 -2.82702e-07 0.000712994
0.304304 -0.378378 1.00294 -2.68377e-07 0.000712994
0.305305 -0.377815 1.00294 -2.46619e-07 0.000712994
0.306306 -0.377251 1.00294 -2.2882e-07 0.000712994
0.307307 -0.376688 1.00294 -2.08554e-07 0.000712994
0.308308 -0.376125 1.00294 -1.93627e-07 0.000712994
0.309309 -0.375562 1.00294 -1.64017e-07 0.000712994
0.31031 -0.374999 1.00294 -1.22999e-07 0.000712994
0.311311 -0.374436 1.00294 -7.69107e-08 0.000712994
0.312312 -0.373873 1.00294 -4.71032e-08 0.000712994
0.313313 -0.37331 1.00294 -1.07067e-08 0.000712994
0.314314 -0.372747 1.00294 5.3846e-08 0.000712994
0.315315 -0.372184 1.00294 1.35957e-07 0.000712994
0.316316 -0.371621 1.00294 2.01238e-07 0.000712994
0.317317 -0.371058 1.00294 2.66022e-07 0.000712993
0.318318 -0.370495 1.00294 3.59482e-07 0.000712993
0.319319 -0.369932 1.00294 4.75633e-07 0.000712993
0.32032 -0.369369 1.00294 5.84705e-07 0.000712993
0.321321 -0.368806 1.00294 6.91538e-07 0.000712993
0.322322 -0.368242 1.00294 8.21406e-07 0.000712993
0.323323 -0.367679 1.00294 9.78757e-07 0.000712993
0.324324 -0.367116 1.00294 1.1352e-06 0.000712993
0.325325 -0.366553 1.00294 1.29113e-06 0.000712992
0.326326 -0.36599 1.00294 1.46968e-06 0.000712992
0.327327 -0.365427 1.00294 1.67631e-06 0.000712992
0.328328 -0.364864 1.00294 1.89005e-06 0.000712992
0.329329 -0.364301 1.00294 2.10721e-06 0.000712992
0.33033 -0.363738 1.00294 2.35098e-06 0.000712991
0.331331 -0.363175 1.00294 2.60735e-06 0.000712991
0.332332 -0.362612 1.00294 2.88284e-06 0.000712991
0.333333 -0.362049 1.00294 3.16466e-06 0.000712991
0.334334 -0.361486 1.00294 3.48163e-06 0.00071299
0.335335 -0.360923 1.00295 3.80238e-06 0.00071299
0.336336 -0.36036 1.00295 4.14176e-06 0.00071299
0.337337 -0.359797 1.00295 4.49346e-06 0.000712989
0.338338 -0.359233 1.00295 4.87995e-06 0.000712989
0.339339 -0.35867 1.00295 5.27822e-06 0.000712989
0.34034 -0.358107 1.00295 5.69025e-06 0.000712988
0.341341 -0.357544 1.00295 6.1164e-06 0.000712988
0.342342 -0.356981 1.00295 6.5687e-06 0.000712988
0.343343 -0.356418 1.00295 7.03482e-06 0.000712987
0.344344 -0.355855 1.00295 7.5168e-06 0.000712987
0.345345 -0.355292 1.00295 8.0149e-06 0.000712986
0.346346 -0.354729 1.00295 8.52926e-06 0.000712986
0.347347 -0.354166 1.00295 9.04871e-06 0.000712985
0.348348 -0.353603 1.00295 9.58473e-06 0.000712985
0.349349 -0.35304 1.00295 1.01343e-05 0.000712984
0.35035 -0.352477 1.00295 1.06886e-05 0.000712984
0.351351 -0.351914 1.00295 1.12473e-05 0.000712983
0.352352 -0.351351 1.00296 1.18156e-05 0.000712983
0.353353 -0.350788 1.00296 1.23845e-05 0.000712982
0.354354 -0.350225 1.00296 1.29471e-05 0.000712982
0.355355 -0.349661 1.00296 1.3512e-05 0.000712981
0.356356 -0.349098 1.00296 1.40766e-05 0.000712981
0.357357 -0.348535 1.00296 1.46339e-05 0.00071298
0.358358 -0.347972 1.00296 1.51681e-05 0.00071298
0.359359 -0.347409 1.00296 1.56933e-05 0.000712979
0.36036 -0.346846 1.00296 1.62114e-05 0.000712979
0.361361 -0.346283 1.00296 1.67165e-05 0.000712979
0.362362 -0.34572 1.00296 1.71784e-05 0.000712978
0.363363 -0.345157 1.00296 1.76186e-05 0.000712978
0.364364 -0.344594 1.00296 1.80429e-05 0.000712978
0.365365 -0.344031 1.00296 1.84509e-05 0.000712977
0.366366 -0.343468 1.00296 1.87988e-05 0.000712977
0.367367 -0.342905 1.00296 1.91084e-05 0.000712977
0.368368 -0.342342 1.00296 1.93962e-05 0.000712976
0.369369 -0.341779 1.00296 1.96683e-05 0.000712976
0.37037 -0.341216 1.00296 1.98762e-05 0.000712976
0.371371 -0.340653 1.00297 2.0025e-05 0.000712976
0.372372 -0.34009 1.00297 2.01441e-05 0.000712976
0.373373 -0.339527 1.00297 2.02451e-05 0.000712976
0.374374 -0.338964 1.00297 2.02956e-05 0.000712976
0.375375 -0.3384 1.00297 2.02909e-05 0.000712976
0.376376 -0.337837 1.00297 2.02491e-05 0.000712976
0.377377 -0.337274 1.00297 2.01835e-05 0.000712976
0.378378 -0.336711 1.00296 2.00787e-05 0.000712976
0.379379 -0.336148 1.00296 1.99382e-05 0.000712976
0.38038 -0.335585 1.00296 1.97689e-05 0.000712977
0.381381 -0.335022 1.00296 1.95613e-05 0.000712977
0.382382 -0.334459 1.00296 1.93342e-05 0.000712977
0.383383 -0.333896 1.00296 1.90716e-05 0.000712977
0.384384 -0.333333 1.00296 1.87905e-05 0.000712978
0.385385 -0.33277 1.00296 1.84683e-05 0.000712978
0.386386 -0.332207 1.00296 1.81382e-05 0.000712978
0.387387 -0.331644 1.00296 1.77742e-05 0.000712979
0.388388 -0.331081 1.00296 1.73942e-05 0.000712979
0.389389 -0.330518 1.00296 1.69902e-05 0.000712979
0.39039 -0.329955 1.00296 1.6575e-05 0.00071298
0.391391 -0.329392 1.00296 1.61327e-05 0.00071298
0.392392 -0.328829 1.00296 1.56769e-05 0.000712981
0.393393 -0.328266 1.00296 1.52147e-05 0.000712981
0.394394 -0.327703 1.00296 1.47453e-05 0.000712981
0.395395 -0.327139 1.00296 1.42554e-05 0.000712982
0.396396 -0.326576 1.00296 1.37578e-05 0.000712982
0.397397 -0.326013 1.00296 1.32629e-05 0.000712983
0.398398 -0.32545 1.00296 1.27642e-05 0.000712983
0.399399 -0.324887 1.00295 1.226e-05 0.000712984
0.4004 -0.324324 1.00295 1.17537e-05 0.000712984
0.401401 -0.323761 1.00295 1.12514e-05 0.000712984
0.402402 -0.323198 1.00295 1.07513e-05 0.000712985
0.403403 -0.322635 1.00295 1.02576e-05 0.000712985
0.404404 -0.322072 1.00295 9.76828e-06 0.000712986
0.405405 -0.321509 1.00295 9.28574e-06 0.000712986
0.406406 -0.320946 1.00295 8.81041e-06 0.000712987
0.407407 -0.320383 1.00295 8.34771e-06 0.000712987
0.408408 -0.31982 1.00295 7.89446e-06 0.000712987
0.409409 -0.319257 1.00295 7.45248e-06 0.000712988
0.41041 -0.318694 1.00295 7.02041e-06 0.000712988
0.411411 -0.318131 1.00295 6.60581e-06 0.000712988
0.412412 -0.317568 1.00295 6.20293e-06 0.000712989
0.413413 -0.317004 1.00295 5.81667e-06 0.000712989
0.414414 -0.316441 1.00295 5.43133e-06 0.000712989
0.415415 -0.315878 1.00295 5.08263e-06 0.00071299
0.416416 -0.315315 1.00295 4.7333e-06 0.00071299
0.417417 -0.314752 1.00295 4.40993e-06 0.00071299
0.418418 -0.314189 1.00295 4.08441e-06 0.000712991
0.419419 -0.313626 1.00294 3.79599e-06 0.000712991
0.42042 -0.313063 1.00294 3.50873e-06 0.000712991
0.421421 -0.3125 1.00294 3.2428e-06 0.000712991
0.422422 -0.311937 1.00294 2.98888e-06 0.000712991
0.423423 -0.311374 1.00294 2.75099e-06 0.000712992
0.424424 -0.310811 1.00294 2.52827e-06 0.000712992
0.425425 -0.310248 1.00294 2.31594e-06 0.000712992
0.426426 -0.309685 1.00294 2.12186e-06 0.000712992
0.427427 -0.309122 1.00294 1.93569e-06 0.000712992
0.428428 -0.308559 1.00294 1.76878e-06 0.000712992
0.429429 -0.307995 1.00294 1.60607e-06 0.000712993
0.43043 -0.307432 1.00294 1.46208e-06 0.000712993
0.431431 -0.306869 1.00294 1.3203e-06 0.000712993
0.432432 -0.306306 1.00294 1.19887e-06 0.000712993
0.433433 -0.305743 1.00294 1.08041e-06 0.000712993
0.434434 -0.30518 1.00294 9.75426e-07 0.000712993
0.435435 -0.304617 1.00294 8.75216e-07 0.000712993
0.436436 -0.304054 1.00294 7.86236e-07 0.000712993
0.437437 -0.303491 1.00294 7.05255e-07 0.000712993
0.438438 -0.302928 1.00294 6.29956e-07 0.000712993
0.439439 -0.302365 1.00294 5.63228e-07 0.000712993
0.44044 -0.301802 1.00294 5.00486e-07 0.000712993
0.441441 -0.301239 1.00294 4.46455e-07 0.000712993
0.442442 -0.300676 1.00294 3.94749e-07 0.000712993
0.443443 -0.300113 1.00294 3.50783e-07 0.000712994
0.444444 -0.29955 1.00294 3.08626e-07 0.000712994
0.445445 -0.298986 1.00294 2.73301e-07 0.000712994
0.446446 -0.298423 1.00294 2.39653e-07 0.000712994
0.447447 -0.29786 1.00294 2.11032e-07 0.000712994
0.448448 -0.297297 1.00294 1.84719e-07 0.000712994
0.449449 -0.296734 1.00294 1.61431e-07 0.000712994
0.45045 -0.296171 1.00294 1.41353e-07 0.000712994
0.451451 -0.295608 1.00294 1.22697e-07 0.000712994
0.452452 -0.295045 1.00294 1.0714e-07 0.000712994
0.453453 -0.294482 1.00294 9.25075e-08 0.000712994
0.454454 -0.293919 1.00294 8.04769e-08 0.000712994
0.455455 -0.293356 1.00294 6.91986e-08 0.000712994
0.456456 -0.292793 1.00294 5.99226e-08 0.000712994
0.457457 -0.29223 1.00294 5.1331e-08 0.000712994
0.458458 -0.291667 1.00294 4.41568e-08 0.000712994
0.459459 -0.291104 1.00294 3.78464e-08 0.000712994
0.46046 -0.290541 1.00294 3.22832e-08 0.000712994
0.461461 -0.289977 1.00294 2.76468e-08 0.000712994
0.462462 -0.289414 1.00294 2.34308e-08 0.000712994
0.463463 -0.288851 1.00294 2.00123e-08 0.000712994
0.464464 -0.288288 1.00294 1.68665e-08 0.000712994
0.465465 -0.287725 1.00294 1.43478e-08 0.000712994
0.466466 -0.287162 1.00294 1.20347e-08 0.000712994
0.467467 -0.286599 1.00294 1.0192e-08 0.000712994
0.468468 -0.286036 1.00294 8.51747e-09 0.000712994
0.469469 -0.285473 1.00294 7.16082e-09 0.000712994
0.47047 -0.28491 1.00294 5.99239e-09 0.000712994
0.471471 -0.284347 1.00294 4.98231e-09 0.000712994
0.472472 -0.283784 1.00294 4.17544e-09 0.000712994
0.473473 -0.283221 1.00294 3.44694e-09 0.000712994
0.474474 -0.282658 1.00294 2.87812e-09 0.000712994
0.475475 -0.282095 1.00294 2.36438e-09 0.000712994
0.476476 -0.281532 1.00294 1.96504e-09 0.000712994
0.477477 -0.280968 1.00294 1.60779e-09 0.000712994
0.478478 -0.280405 1.00294 1.32631e-09 0.000712994
0.479479 -0.279842 1.00294 1.08709e-09 0.000712994
0.48048 -0.279279 1.00294 8.85752e-10 0.000712994
0.481481 -0.278716 1.00294 7.28147e-10 0.000712994
0.482482 -0.278153 1.00294 5.88404e-10 0.000712994
0.483483 -0.27759 1.00294 4.82049e-10 0.000712994
0.484484 -0.277027 1.00294 3.87635e-10 0.000712994
0.485485 -0.276464 1.00294 3.15908e-10 0.000712994
0.486486 -0.275901 1.00294 2.53356e-10 0.000712994
0.487487 -0.275338 1.00294 2.04462e-10 0.000712994
0.488488 -0.274775 1.00294 1.64575e-10 0.000712994
0.489489 -0.274212 1.00294 1.31051e-10 0.000712994
0.49049 -0.273649 1.00294 1.0574e-10 0.000712994
0.491491 -0.273086 1.00294 8.359e-11 0.000712994
0.492492 -0.272523 1.00294 6.71488e-11 0.000712994
0.493493 -0.271959 1.00294 5.28318e-11 0.000712994
0.494494 -0.271396 1.00294 4.21324e-11 0.000712994
0.495495 -0.270833 1.00294 3.31721e-11 0.000712994
0.496496 -0.27027 1.00294 2.61188e-11 0.000712994
0.497497 -0.269707 1.00294 2.06594e-11 0.000712994
0.498498 -0.269144 1.00294 1.60724e-11 0.000712994
0.499499 -0.268581 1.00294 1.27135e-11 0.000712994
0.500501 -0.268018 1.00294 9.82511e-12 0.000712994
0.501502 -0.267455 1.00294 7.73325e-12 0.000712994
0.502503 -0.266892 1.00294 5.9701e-12 0.000712994
0.503504 -0.266329 1.00294 4.65065e-12 0.000712994
0.504505 -0.265766 1.00294 3.60104e-12 0.000712994
0.505506 -0.265203 1.00294 2.773e-12 0.000712994
0.506507 -0.26464 1.00294 2.15202e-12 0.000712994
0.507508 -0.264077 1.00294 1.64078e-12 0.000712994
0.508509 -0.263514 1.00294 1.27183e-12 0.000712994
0.50951 -0.26295 1.00294 9.63351e-13 0.000712994
0.510511 -0.262387 1.00294 7.43129e-13 0.000712994
0.511512 -0.261824 1.00294 5.60628e-13 0.000712994
0.512513 -0.261261 1.00294 4.29657e-13 0.000712994
0.513514 -0.260698 1.00294 3.22168e-13 0.000712994
0.514515 -0.260135 1.00294 2.46842e-13 0.000712994
0.515516 -0.259572 1.00294 1.85829e-13 0.000712994
0.516517 -0.259009 1.00294 1.41153e-13 0.000712994
0.517518 -0.258446 1.00294 1.06058e-13 0.000712994
0.518519 -0.257883 1.00294 8.17225e-14 0.000712994
0.51952 -0.25732 1.00294 6.28404e-14 0.000712994
0.520521 -0.256757 1.00294 4.8953e-14 0.000712994
0.521522 -0.256194 1.00294 3.80892e-14 0.000712994
0.522523 -0.255631 1.00294 2.95971e-14 0.000712994
0.523524 -0.255068 1.00294 2.44925e-14 0.000712994
0.524525 -0.254505 1.00294 2.03272e-14 0.000712994
0.525526 -0.253941 1.00294 1.78633e-14 0.000712994
0.526527 -0.253378 1.00294 1.55096e-14 0.000712994
0.527528 -0.252815 1.00294 1.45613e-14 0.000712994
0.528529 -0.252252 1.00294 1.30674e-14 0.000712994
0.52953 -0.251689 1.00294 1.14467e-14 0.000712994
0.530531 -0.251126 1.00294 1.05004e-14 0.000712994
0.531532 -0.250563 1.00294 8.03762e-15 0.000712994
0.532533 -0.25 1.00294 7.53065e-15 0.000712994
0.533534 -0.249437 1.00294 6.08779e-15 0.000712994
0.534535 -0.248874 1.00294 4.97478e-15 0.000712994
0.535536 -0.248311 1.00294 3.12501e-15 0.000712994
0.536537 -0.247748 1.00294 2.51339e-15 0.000712994
0.537538 -0.247185 1.00294 3.21886e-15 0.000712994
0.538539 -0.246622 1.00294 2.83449e-15 0.000712994
0.53954 -0.246059 1.00294 3.72549e-15 0.000712994
0.540541 -0.245495 1.00294 3.16135e-15 0.000712994
0.541542 -0.244932 1.00294 3.69417e-16 0.000712994
0.542543 -0.244369 1.00294 -2.14379e-15 0.000712994
0.543544 -0.243806 1.00294 -3.91e-15 0.000712994
0.544545 -0.243243 1.00294 -3.21356e-15 0.000712994
0.545546 -0.24268 1.00294 -4.92341e-15 0.000712994
0.546547 -0.242117 1.00294 -3.7888e-15 0.000712994
0.547548 -0.241554 1.00294 -5.8187e-15 0.000712994
0.548549 -0.240991 1.00294 -5.28654e-15 0.000712994
0.54955 -0.240428 1.00294 -3.71416e-15 0.000712994
0.550551 -0.239865 1.00294 -2.51147e-15 0.000712994
0.551552 -0.239302 1.00294 -2.12167e-15 0.000712994
0.552553 -0.238739 1.00294 -4.9691e-15 0.000712994
0.553554 -0.238176 1.00294 -4.36565e-15 0.000712994
0.554555 -0.237613 1.00294 -5.62185e-15 0.000712994
0.555556 -0.23705 1.00294 -4.68605e-15 0.000712994
0.556557 -0.236486 1.00294 -6.75237e-15 0.000712994
0.557558 -0.235923 1.00294 -6.63522e-15 0.000712994
0.558559 -0.23536 1.00294 -6.25448e-15 0.000712994
0.55956 -0.234797 1.00294 -5.69433e-15 0.000712994
0.560561 -0.234234 1.00294 -4.78296e-15 0.000712994
0.561562 -0.233671 1.00294 -4.94414e-15 0.000712994
0.562563 -0.233108 1.00294 -6.20889e-15 0.000712994
0.563564 -0.232545 1.00294 -7.81617e-15 0.000712994
0.564565 -0.231982 1.00294 -8.83611e-15 0.000712994
0.565566 -0.231419 1.00294 -8.67934e-15 0.000712994
0.566567 -0.230856 1.00294 -8.99049e-15 0.000712994
0.567568 -0.230293 1.00294 -8.1908e-15 0.000712994
0.568569 -0.22973 1.00294 -6.46326e-15 0.000712994
0.56957 -0.229167 1.00294 -8.05467e-15 0.000712994
0.570571 -0.228604 1.00294 -8.02046e-15 0.000712994
0.571572 -0.228041 1.00294 -3.88697e-15 0.000712994
0.572573 -0.227477 1.00294 1.64632e-15 0.000712994
0.573574 -0.226914 1.00294 -5.37994e-17 0.000712994
0.574575 -0.226351 1.00294 -1.57561e-15 0.000712994
0.575576 -0.225788 1.00294 -3.74376e-15 0.000712994
0.576577 -0.225225 1.00294 -4.38811e-15 0.000712994
0.577578 -0.224662 1.00294 -3.26409e-15 0.000712994
0.578579 -0.224099 1.00294 -4.39263e-15 0.000712994
0.57958 -0.223536 1.00294 -7.91583e-15 0.000712994
0.580581 -0.222973 1.00294 -1.51854e-14 0.000712994
0.581582 -0.22241 1.00294 -1.57264e-14 0.000712994
0.582583 -0.221847 1.00294 -1.75469e-14 0.000712994
0.583584 -0.221284 1.00294 -2.16572e-14 0.000712994
0.584585 -0.220721 1.00294 -2.97043e-14 0.000712994
0.585586 -0.220158 1.00294 -3.97358e-14 0.000712994
0.586587 -0.219595 1.00294 -5.12252e-14 0.000712994
0.587588 -0.219032 1.00294 -7.01022e-14 0.000712994
0.588589 -0.218468 1.00294 -9.97684e-14 0.000712994
0.58959 -0.217905 1.00294 -1.43987e-13 0.000712994
0.590591 -0.217342 1.00294 -2.13975e-13 0.000712994
0.591592 -0.216779 1.00294 -3.07145e-13 0.000712994
0.592593 -0.216216 1.00294 -4.50784e-13 0.000712994
0.593594 -0.215653 1.00294 -6.49219e-13 0.000712994
0.594595 -0.21509 1.00294 -9.44513e-13 0.000712994
0.595596 -0.214527 1.00294 -1.34486e-12 0.000712994
0.596597 -0.213964 1.00294 -1.92905e-12 0.000712994
0.597598 -0.213401 1.00294 -2.71891e-12 0.000712994
0.598599 -0.212838 1.00294 -3.84419e-12 0.000712994
0.5996 -0.212275 1.00294 -5.37451e-12 0.000712994
0.600601 -0.211712 1.00294 -7.48928e-12 0.000712994
0.601602 -0.211149 1.00294 -1.0434e-11 0.000712994
0.602603 -0.210586 1.00294 -1.43565e-11 0.000712994
0.603604 -0.210023 1.00294 -1.99994e-11 0.000712994
0.604605 -0.209459 1.00294 -2.70326e-11 0.000712994
0.605606 -0.208896 1.00294 -3.71441e-11 0.000712994
0.606607 -0.208333 1.00294 -4.95974e-11 0.000712994
0.607608 -0.20777 1.00294 -6.80349e-11 0.000712994
0.608609 -0.207207 1.00294 -9.03217e-11 0.000712994
0.60961 -0.206644 1.00294 -1.21511e-10 0.000712994
0.610611 -0.206081 1.00294 -1.59403e-10 0.000712994
0.611612 -0.205518 1.00294 -2.13335e-10 0.000712994
0.612613 -0.204955 1.00294 -2.78217e-10 0.000712994
0.613614 -0.204392 1.00294 -3.67335e-10 0.000712994
0.614615 -0.203829 1.00294 -4.75151e-10 0.000712994
0.615616 -0.203266 1.00294 -6.24872e-10 0.000712994
0.616617 -0.202703 1.00294 -8.02527e-10 0.000712994
0.617618 -0.20214 1.00294 -1.03717e-09 0.000712994
0.618619 -0.201577 1.00294 -1.31937e-09 0.000712994
0.61962 -0.201014 1.00294 -1.70843e-09 0.000712994
0.620621 -0.20045 1.00294 -2.16459e-09 0.000712994
0.621622 -0.199887 1.00294 -2.74693e-09 0.000712994
0.622623 -0.199324 1.00294 -3.43208e-09 0.000712994
0.623624 -0.198761 1.00294 -4.33677e-09 0.000712994
0.624625 -0.198198 1.00294 -5.39437e-09 0.000712994
0.625626 -0.197635 1.00294 -6.77597e-09 0.000712994
0.626627 -0.197072 1.00294 -8.37044e-09 0.000712994
0.627628 -0.196509 1.00294 -1.03372e-08 0.000712994
0.628629 -0.195946 1.00294 -1.26441e-08 0.000712994
0.62963 -0.195383 1.00294 -1.54656e-08 0.000712994
0.630631 -0.19482 1.00294 -1.90152e-08 0.000712994
0.631632 -0.194257 1.00294 -2.29762e-08 0.000712994
0.632633 -0.193694 1.00294 -2.77477e-08 0.000712994
0.633634 -0.193131 1.00294 -3.30827e-08 0.000712994
0.634635 -0.192568 1.00294 -3.98816e-08 0.000712994
0.635636 -0.192005 1.00294 -4.74283e-08 0.000712994
0.636637 -0.191441 1.00294 -5.67291e-08 0.000712994
0.637638 -0.190878 1.00294 -6.67858e-08 0.000712994
0.638639 -0.190315 1.00294 -7.83906e-08 0.000712994
0.63964 -0.189752 1.00294 -9.1424e-08 0.000712994
0.640641 -0.189189 1.00294 -1.07271e-07 0.000712994
0.641642 -0.188626 1.00294 -1.24612e-07 0.000712994
0.642643 -0.188063 1.00294 -1.43995e-07 0.000712994
0.643644 -0.1875 1.00294 -1.65012e-07 0.000712994
0.644645 -0.186937 1.00294 -1.88917e-07 0.000712994
0.645646 -0.186374 1.00294 -2.14464e-07 0.000712994
0.646647 -0.185811 1.00294 -2.42433e-07 0.000712994
0.647648 -0.185248 1.00294 -2.72314e-07 0.000712994
0.648649 -0.184685 1.00294 -3.05732e-07 0.000712994
0.64965 -0.184122 1.00294 -3.41622e-07 0.000712993
0.650651 -0.183559 1.00294 -3.82792e-07 0.000712993
0.651652 -0.182995 1.00294 -4.26177e-07 0.000712993
0.652653 -0.182432 1.00294 -4.67135e-07 0.000712993
0.653654 -0.181869 1.00294 -4.98344e-07 0.000712993
0.654655 -0.181306 1.00294 -5.07916e-07 0.000712993
0.655656 -0.180743 1.00294 -5.17058e-07 0.000712993
0.656657 -0.18018 1.00294 -5.29192e-07 0.000712993
0.657658 -0.179617 1.00294 -5.44106e-07 0.000712993
0.658659 -0.179054 1.00294 -4.93585e-07 0.000712993
0.65966 -0.178491 1.00294 -2.45908e-07 0.000712993
0.660661 -0.177928 1.00294 2.10428e-07 0.000712994
0.661662 -0.177365 1.00294 5.54167e-07 0.000712994
0.662663 -0.176802 1.00294 8.99916e-07 0.000712994
0.663664 -0.176239 1.00294 1.49165e-06 0.000712995
0.664665 -0.175676 1.00294 3.01301e-06 0.000712996
0.665666 -0.175113 1.00293 5.68947e-06 0.000712998
0.666667 -0.17455 1.00293 7.97913e-06 0.000713
0.667668 -0.173986 1.00293 1.01688e-05 0.000713002
0.668669 -0.173423 1.00292 1.29378e-05 0.000713005
0.66967 -0.17286 1.00291 1.86474e-05 0.000713009
0.670671 -0.172297 1.0029 2.84798e-05 0.000713016
0.671672 -0.171734 1.00289 3.78627e-05 0.000713025
0.672673 -0.171171 1.00288 4.65079e-05 0.000713034
0.673674 -0.170608 1.00286 5.5851e-05 0.000713044
0.674675 -0.170045 1.00283 7.23319e-05 0.000713057
0.675676 -0.169482 1.0028 9.92227e-05 0.000713076
0.676677 -0.168919 1.00276 0.000128257 0.000713102
0.677678 -0.168355 1.00273 0.000154891 0.000713129
0.678679 -0.167792 1.00268 0.000179821 0.000713156
0.67968 -0.167229 1.00262 0.000217267 0.000713189
0.680681 -0.166666 1.00255 0.000274714 0.000713234
0.681682 -0.166102 1.00246 0.000344819 0.000713292
0.682683 -0.165539 1.00238 0.000407785 0.000713356
0.683684 -0.164976 1.00229 0.000464709 0.000713417
0.684685 -0.164412 1.00218 0.000530888 0.000713482
0.685686 -0.163849 1.00204 0.000627638 0.000713564
0.686687 -0.163285 1.00188 0.000757535 0.00071367
0.687688 -0.162721 1.00172 0.000879185 0.00071379
0.688689 -0.162158 1.00156 0.00098764 0.000713908
0.68969 -0.161594 1.00138 0.00109542 0.000714024
0.690691 -0.16103 1.00115 0.00124484 0.000714159
0.691692 -0.160466 1.00087 0.0014535 0.000714334
0.692693 -0.159901 1.00058 0.00167868 0.000714541
0.693694 -0.159337 1.0003 0.0018773 0.000714752
0.694695 -0.158772 1.00001 0.00205367 0.000714952
0.695696 -0.158207 0.999645 0.00228408 0.000715171
0.696697 -0.157642 0.999193 0.00260779 0.000715448
0.697698 -0.157077 0.998718 0.00297959 0.000715781
0.698699 -0.156512 0.998269 0.00331243 0.000716127
0.6997 -0.155946 0.997821 0.00360191 0.000716456
0.700701 -0.15538 0.99729 0.0039245 0.000716788
0.701702 -0.154813 0.996624 0.00438237 0.000717189
0.702703 -0.154247 0.995901 0.00495797 0.000717687
0.703704 -0.153679 0.99522 0.00546035 0.000718218
0.704705 -0.153112 0.994565 0.00589806 0.000718716
0.705706 -0.152544 0.993831 0.00634277 0.000719202
0.706707 -0.151975 0.992931 0.00693834 0.000719753
0.707708 -0.151406 0.991919 0.00771311 0.000720432
0.708709 -0.150837 0.990932 0.00845686 0.000721186
0.70971 -0.150267 0.990017 0.00909126 0.000721909
0.710711 -0.149696 0.989051 0.00967269 0.000722585
0.711712 -0.149125 0.987909 0.0104329 0.00072331
0.712713 -0.148553 0.986604 0.0113745 0.000724171
0.713714 -0.14798 0.985272 0.0124122 0.000725153
0.714715 -0.147407 0.984032 0.0133237 0.000726149
0.715716 -0.146833 0.982825 0.0140929 0.000727069
0.716717 -0.146258 0.981477 0.0149584 0.000727978
0.717718 -0.145682 0.979914 0.0160433 0.000729012
0.718719 -0.145105 0.978253 0.0172949 0.000730203
0.71972 -0.144528 0.976656 0.0184946 0.000731456
0.720721 -0.143949 0.975157 0.0195546 0.000732662
0.721722 -0.14337 0.973638 0.020521 0.000733799
0.722723 -0.142789 0.971947 0.0216308 0.000734964
0.723724 -0.142208 0.970061 0.0229608 0.00073627
0.724725 -0.141625 0.96812 0.0244496 0.00073773
0.725726 -0.141041 0.96629 0.025801 0.000739221
0.726727 -0.140456 0.96455 0.0269829 0.000740623
0.727728 -0.139871 0.962731 0.0281655 0.000741973
0.728729 -0.139284 0.960683 0.0295315 0.000743402
0.72973 -0.138695 0.958428 0.0311972 0.000745028
0.730731 -0.138105 0.956183 0.0329404 0.00074681
0.731732 -0.137514 0.954102 0.0344656 0.000748572
0.732733 -0.136922 0.952084 0.0357927 0.000750204
0.733734 -0.136328 0.949874 0.037237 0.000751819
0.734735 -0.135733 0.947363 0.0390205 0.000753626
0.735736 -0.135136 0.944774 0.0410411 0.000755662
0.736737 -0.134538 0.942355 0.04286 0.000757744
0.737738 -0.133938 0.940103 0.0444138 0.000759681
0.738739 -0.133337 0.937755 0.0459102 0.000761508
0.73974 -0.132734 0.935088 0.0477662 0.00076346
0.740741 -0.132129 0.932248 0.0499808 0.00076569
0.741742 -0.131523 0.929559 0.052069 0.00076803
0.742743 -0.130914 0.927106 0.0538486 0.000770231
0.743744 -0.130305 0.924626 0.0554563 0.000772275
0.744745 -0.129693 0.921844 0.0573892 0.000774388
0.745746 -0.12908 0.918808 0.05973 0.000776791
0.746747 -0.128464 0.915842 0.0620874 0.000779385
0.747748 -0.127847 0.913148 0.0641297 0.000781885
0.748749 -0.127228 0.910528 0.0658799 0.00078418
0.74975 -0.126607 0.907646 0.0678752 0.000786482
0.750751 -0.125984 0.904476 0.0702887 0.00078905
0.751752 -0.125358 0.901304 0.0728296 0.000791858
0.752753 -0.124731 0.898404 0.0750833 0.000794622
0.753754 -0.124101 0.895672 0.0769648 0.000797146
0.754755 -0.12347 0.892741 0.0790012 0.000799606
0.755756 -0.122837 0.889492 0.0814741 0.000802317
0.756757 -0.122201 0.886181 0.0841409 0.000805307
0.757758 -0.121562 0.883121 0.0865614 0.000808288
0.758759 -0.120922 0.880264 0.0886108 0.000811037
0.75976 -0.12028 0.877256 0.0907261 0.000813685
0.760761 -0.119635 0.87392 0.0933081 0.00081657
0.761762 -0.118988 0.870491 0.0961081 0.000819765
0.762763 -0.118338 0.867305 0.0986646 0.000822964
0.763764 -0.117686 0.864323 0.100857 0.000825929
0.764765 -0.117032 0.861199 0.103114 0.000828801
0.765766 -0.116375 0.857776 0.105821 0.000831911
0.766767 -0.115715 0.854312 0.108677 0.00083529
0.767768 -0.115053 0.851084 0.111277 0.000838642
0.768769 -0.114389 0.847995 0.113553 0.00084178
0.76977 -0.113722 0.844731 0.11599 0.000844873
0.770771 -0.113052 0.841233 0.118885 0.000848236
0.771772 -0.112379 0.837763 0.121748 0.000851817
0.772773 -0.111704 0.834511 0.124346 0.000855291
0.773774 -0.111026 0.831313 0.126757 0.000858586
0.774775 -0.110346 0.827906 0.129472 0.000861965
0.775776 -0.109663 0.824369 0.132421 0.000865593
0.776777 -0.108976 0.820953 0.135278 0.000869293
0.777778 -0.108287 0.817686 0.137902 0.000872871
0.778779 -0.107596 0.814367 0.140503 0.00087638
0.77978 -0.106901 0.810933 0.143374 0.000880006
0.780781 -0.106203 0.807524 0.146235 0.000883746
0.781782 -0.105503 0.804174 0.14898 0.00088747
0.782783 -0.104799 0.800767 0.151744 0.000891187
0.783784 -0.104093 0.797242 0.154756 0.000895052
0.784785 -0.103383 0.793721 0.157778 0.00089905
0.785786 -0.10267 0.790294 0.160682 0.000903037
0.786787 -0.101954 0.786914 0.16343 0.000906917
0.787788 -0.101235 0.783409 0.166403 0.00091085
0.788789 -0.100513 0.779699 0.169637 0.00091507
0.78979 -0.0997871 0.776047 0.172923 0.000919427
0.790791 -0.099058 0.772649 0.175965 0.000923672
0.791792 -0.0983258 0.76934 0.178687 0.00092773
0.792793 -0.0975904 0.765908 0.181543 0.000931752
0.793794 -0.0968516 0.762364 0.184736 0.000935959
0.794795 -0.0961093 0.758757 0.187988 0.000940423
0.795796 -0.0953635 0.755231 0.191089 0.000944898
0.796797 -0.0946143 0.751856 0.194093 0.000949234
0.797798 -0.0938617 0.748479 0.197019 0.000953555
0.798799 -0.0931058 0.745034 0.199934 0.000957888
0.7998 -0.0923462 0.741483 0.203079 0.000962347
0.800801 -0.091583 0.737813 0.206456 0.000967069
0.801802 -0.0908159 0.734163 0.209809 0.000971951
0.802803 -0.0900451 0.730718 0.212942 0.000976702
0.803804 -0.0892708 0.72733 0.215834 0.000981302
0.804805 -0.0884927 0.723807 0.218873 0.000985912
0.805806 -0.0877108 0.720115 0.222342 0.000990805
0.806807 -0.0869247 0.716338 0.225904 0.00099604
0.807808 -0.0861346 0.71272 0.229287 0.00100124
0.808809 -0.0853406 0.709306 0.232417 0.00100622
0.80981 -0.0845428 0.705858 0.235433 0.0010111
0.810811 -0.083741 0.702195 0.238736 0.00101616
0.811812 -0.0829348 0.698476 0.242432 0.0010215
0.812813 -0.0821244 0.694849 0.245963 0.00102701
0.813814 -0.0813099 0.691383 0.249072 0.00103231
0.814815 -0.0804914 0.687979 0.252178 0.00103737
0.815816 -0.0796687 0.684417 0.255584 0.00104262
0.816817 -0.0788416 0.680712 0.259183 0.00104823
0.817818 -0.07801 0.677113 0.262707 0.0010539
0.818819 -0.0771741 0.673701 0.266015 0.00105938
0.81982 -0.076334 0.670231 0.269198 0.00106482
0.820821 -0.0754895 0.666585 0.272752 0.00107045
0.821822 -0.0746401 0.662878 0.276544 0.00107641
0.822823 -0.0737861 0.659268 0.280172 0.00108245
0.823824 -0.0729275 0.655772 0.283516 0.00108832
0.824825 -0.0720644 0.65226 0.286914 0.0010941
0.825826 -0.0711964 0.648657 0.290592 0.00110009
0.826827 -0.0703237 0.645009 0.294323 0.00110633
0.827828 -0.0694459 0.641405 0.297897 0.00111259
0.828829 -0.0685633 0.637922 0.301512 0.00111872
0.82983 -0.067676 0.634419 0.305046 0.00112493
0.830831 -0.0667836 0.630851 0.308569 0.00113124
0.831832 -0.0658861 0.627333 0.312279 0.00113755
0.832833 -0.0649837 0.623798 0.315966 0.00114406
0.833834 -0.0640761 0.620193 0.319511 0.00115065
0.834835 -0.0631631 0.616593 0.323378 0.0011573
0.835836 -0.0622449 0.613042 0.327255 0.00116413
0.836837 -0.0613214 0.609494 0.330741 0.00117098
0.837838 -0.0603924 0.606028 0.334359 0.00117761
0.838839 -0.0594582 0.602545 0.338223 0.0011844
0.83984 -0.0585185 0.598886 0.34195 0.00119159
0.840841 -0.0575728 0.595301 0.345867 0.00119872
0.841842 -0.0566217 0.591842 0.349822 0.00120588
0.842843 -0.0556651 0.588392 0.353376 0.00121306
0.843844 -0.0547028 0.584951 0.356974 0.00122009
0.844845 -0.0537348 0.581499 0.360909 0.00122724
0.845846 -0.052761 0.577931 0.364907 0.00123481
0.846847 -0.0517811 0.574335 0.368845 0.00124255
0.847848 -0.0507951 0.570922 0.372798 0.0012501
0.848849 -0.0498034 0.567585 0.376465 0.00125758
0.84985 -0.0488058 0.564181 0.380134 0.00126506
0.850851 -0.047802 0.560664 0.384143 0.00127283
0.851852 -0.0467918 0.557119 0.38836 0.00128095
0.852853 -0.0457753 0.553658 0.392331 0.00128913
0.853854 -0.0447524 0.550325 0.39604 0.00129704
0.854855 -0.0437236 0.547017 0.399782 0.00130482
0.855856 -0.0426883 0.543579 0.403787 0.00131295
0.856857 -0.0416463 0.540065 0.407956 0.00132146
0.857858 -0.0405975 0.53665 0.41202 0.00132999
0.858859 -0.0395423 0.533388 0.415841 0.00133827
0.85986 -0.0384806 0.530116 0.419597 0.00134649
0.860861 -0.0374123 0.52674 0.423615 0.00135499
0.861862 -0.036337 0.523344 0.427781 0.00136378
0.862863 -0.0352547 0.520051 0.431795 0.00137255
0.863864 -0.0341658 0.516837 0.435603 0.00138116
0.864865 -0.03307 0.5136 0.439481 0.0013898
0.865866 -0.0319673 0.510326 0.443551 0.00139867
0.866867 -0.0308574 0.507085 0.447593 0.00140768
0.867868 -0.0297405 0.503887 0.451486 0.00141667
0.868869 -0.0286165 0.500748 0.455419 0.00142557
0.86987 -0.0274856 0.497606 0.459328 0.00143459
0.870871 -0.0263474 0.494444 0.463238 0.00144372
0.871872 -0.0252019 0.491347 0.467301 0.00145286
0.872873 -0.0240493 0.488267 0.471166 0.00146213
0.873874 -0.0228893 0.485228 0.474908 0.00147127
0.874875 -0.0217222 0.48222 0.478889 0.00148042
0.875876 -0.0205477 0.479187 0.482814 0.00148987
0.876877 -0.0193658 0.476215 0.486537 0.0014992
0.877878 -0.0181765 0.473325 0.490386 0.00150838
0.878879 -0.0169801 0.470409 0.494195 0.00151778
0.87988 -0.0157761 0.467502 0.49787 0.00152722
0.880881 -0.0145648 0.464726 0.501667 0.00153639
0.881882 -0.0133463 0.461942 0.50532 0.00154573
0.882883 -0.0121203 0.459165 0.508884 0.00155506
0.883884 -0.0108871 0.4565 0.512573 0.00156419
0.884885 -0.00964674 0.453843 0.516086 0.00157344
0.885886 -0.00839904 0.451226 0.519529 0.00158257
0.886887 -0.00714421 0.448693 0.52302 0.00159156
0.887888 -0.00588237 0.446188 0.52637 0.00160056
0.888889 -0.00461343 0.443732 0.529672 0.00160945
0.88989 -0.00333755 0.441349 0.532963 0.0016182
0.890891 -0.00205486 0.439019 0.536121 0.00162686
0.891892 -0.000765412 0.436758 0.539202 0.00163533
0.892893 0.000530615 0.434564 0.542261 0.00164364
0.893894 0.00183314 0.432411 0.545206 0.00165189
0.894895 0.0031421 0.430339 0.548072 0.00165989
0.895896 0.00445722 0.428351 0.550887 0.00166768
0.896897 0.00577836 0.426402 0.553521 0.00167537
0.897898 0.00710554 0.42453 0.556153 0.00168278
0.898899 0.00843839 0.422736 0.558712 0.00169002
0.8999 0.00977686 0.420985 0.561075 0.00169712
0.900901 0.0111208 0.419326 0.563426 0.00170388
0.901902 0.0124699 0.417741 0.565664 0.00171044
0.902903 0.0138241 0.41621 0.567761 0.00171679
0.903904 0.0151832 0.414755 0.569801 0.00172286
0.904905 0.0165469 0.413379 0.571753 0.00172868
0.905906 0.0179151 0.412074 0.573548 0.00173424
0.906907 0.0192875 0.410837 0.575255 0.00173951
0.907908 0.0206639 0.409674 0.576916 0.00174451
0.908909 0.0220441 0.408576 0.578424 0.00174928
0.90991 0.0234279 0.407547 0.579825 0.00175375
0.910911 0.0248151 0.406593 0.581185 0.00175793
0.911912 0.0262055 0.405688 0.582404 0.00176191
0.912913 0.0275989 0.404854 0.583541 0.00176559
0.913914 0.028995 0.404089 0.584631 0.001769
0.914915 0.0303937 0.403365 0.585582 0.00177223
0.915916 0.0317948 0.402705 0.586478 0.00177516
0.916917 0.0331982 0.402109 0.587333 0.00177785
0.917918 0.0346035 0.401552 0.588064 0.00178037
0.918919 0.0360107 0.401044 0.588746 0.00178264
0.91992 0.0374196 0.40059 0.589405 0.00178471
0.920921 0.03883 0.400166 0.589962 0.00178665
0.921922 0.0402419 0.399778 0.590466 0.0017884
0.922923 0.041655 0.399439 0.590963 0.00178995
0.923924 0.0430693 0.399124 0.591389 0.0017914
0.924925 0.0444847 0.398831 0.59176 0.00179273
0.925926 0.0459011 0.398575 0.592127 0.0017939
0.926927 0.0473183 0.398339 0.592451 0.00179499
0.927928 0.0487364 0.398122 0.592727 0.00179598
0.928929 0.0501552 0.39793 0.592997 0.00179686
0.92993 0.0515746 0.397756 0.593247 0.00179767
0.930931 0.0529947 0.397593 0.593455 0.00179842
0.931932 0.0544153 0.397448 0.593653 0.00179908
0.932933 0.0558363 0.397318 0.593846 0.00179968
0.933934 0.0572579 0.397195 0.594009 0.00180025
0.934935 0.0586798 0.397083 0.594156 0.00180076
0.935936 0.0601022 0.396982 0.594303 0.00180123
0.936937 0.0615249 0.396888 0.594434 0.00180166
0.937938 0.0629479 0.396799 0.594548 0.00180208
0.938939 0.0643712 0.396717 0.594659 0.00180245
0.93994 0.0657948 0.396643 0.594765 0.00180279
0.940941 0.0672187 0.396572 0.594857 0.00180312
0.941942 0.0686428 0.396505 0.594943 0.00180343
0.942943 0.0700671 0.396442 0.595029 0.00180372
0.943944 0.0714917 0.396382 0.595107 0.001804
0.944945 0.0729165 0.396322 0.595178 0.00180427
0.945946 0.0743415 0.396265 0.595246 0.00180453
0.946947 0.0757667 0.396208 0.595313 0.0018048
0.947948 0.0771921 0.39615 0.595374 0.00180506
0.948949 0.0786177 0.396093 0.595431 0.00180532
0.94995 0.0800435 0.396036 0.595487 0.00180558
0.950951 0.0814696 0.395979 0.595542 0.00180585
0.951952 0.0828958 0.395919 0.595592 0.00180612
0.952953 0.0843223 0.395859 0.59564 0.00180639
0.953954 0.0857489 0.395798 0.595689 0.00180667
0.954955 0.0871758 0.395734 0.595736 0.00180697
0.955956 0.088603 0.395665 0.595779 0.00180728
0.956957 0.0900303 0.395593 0.595822 0.00180761
0.957958 0.091458 0.395517 0.595867 0.00180796
0.958959 0.0928859 0.395436 0.595908 0.00180833
0.95996 0.0943142 0.395345 0.595948 0.00180875
0.960961 0.0957428 0.39525 0.59599 0.00180918
0.961962 0.0971717 0.39515 0.596032 0.00180964
0.962963 0.0986011 0.395019 0.59607 0.00181024
0.963964 0.100031 0.394875 0.59611 0.0018109
0.964965 0.101461 0.394906 0.596153 0.00181076
0.965966 0.102891 0.39449 0.596193 0.00181267
0.966967 0.104323 0.393964 0.596231 0.00181509
0.967968 0.105758 0.396321 0.596272 0.00180429
0.968969 0.10718 0.393831 0.596313 0.0018157
0.96997 0.108617 0.38515 0.596352 0.00185663
0.970971 0.110101 0.417907 0.596394 0.0017111
0.971972 0.111365 0.401654 0.596435 0.00178034
0.972973 0.11295 0.344045 0.596477 0.00207846
0.973974 0.114549 0.443449 0.596518 0.00161253
0.974975 0.1156 4.46038 0.596551 0.00016032
0.975976 0.115506 3.92754 0.596599 0.000182098
0.976977 0.115781 2.009 0.596652 0.000355806
0.977978 0.117105 0.375525 0.596733 0.00190417
0.978979 0.119374 0.214378 0.596815 0.00333561
0.97998 0.12241 0.195529 0.596884 0.00365717
0.980981 0.125055 0.226987 0.596942 0.00315032
0.981982 0.127393 0.250167 0.597001 0.00285841
0.982983 0.129638 0.252099 0.597062 0.00283651
0.983984 0.131899 0.249168 0.597128 0.00286987
0.984985 0.134168 0.248973 0.597191 0.00287212
0.985986 0.136431 0.249835 0.597251 0.00286222
0.986987 0.138689 0.2504 0.597314 0.00285575
0.987988 0.140943 0.250667 0.597376 0.00285271
0.988989 0.143195 0.250866 0.597434 0.00285045
0.98999 0.145445 0.25106 0.597495 0.00284825
0.990991 0.147693 0.251235 0.597556 0.00284627
0.991992 0.14994 0.251383 0.597613 0.00284458
0.992993 0.152186 0.251509 0.59767 0.00284316
0.993994 0.154431 0.251618 0.597728 0.00284193
0.994995 0.156675 0.251714 0.597782 0.00284085
0.995996 0.158918 0.251797 0.597832 0.00283991
0.996997 0.161161 0.25187 0.59788 0.0028391
0.997998 0.163402 0.251931 0.59792 0.00283841
0.998999 0.165644 0.251983 0.597951 0.00283784
1 0.167885 0.252022 0.59797 0.0028374
1.001 0.170125 0.252049 0.59797 0.00283712
1.002 0.172366 0.252059 0.597943 0.00283702
1.003 0.174606 0.25205 0.59788 0.00283715
1.004 0.176847 0.252015 0.597767 0.00283758
1.00501 0.179088 0.251948 0.597586 0.00283838
1.00601 0.18133 0.251838 0.597311 0.00283969
1.00701 0.183573 0.251671 0.596909 0.00284167
1.00801 0.185818 0.251429 0.596336 0.00284453
1.00901 0.188066 0.251088 0.595531 0.00284856
1.01001 0.190317 0.250615 0.594417 0.00285415
1.01101 0.192573 0.249971 0.592889 0.00286181
1.01201 0.194836 0.249101 0.590812 0.0028722
1.01301 0.197109 0.247939 0.588008 0.00288617
1.01401 0.199394 0.246403 0.584252 0.00290483
1.01502 0.201695 0.244394 0.579257 0.00292956
1.01602 0.204019 0.2418 0.57267 0.00296208
1.01702 0.206371 0.238497 0.564062 0.00300446
1.01802 0.20876 0.234364 0.552936 0.00305908
1.01902 0.211197 0.2293 0.538742 0.00312858
1.02002 0.213694 0.223243 0.520915 0.00321565
1.02102 0.216267 0.216202 0.49894 0.00332273
1.02202 0.21893 0.208275 0.472436 0.00345157
1.02302 0.221703 0.199654 0.441265 0.00360275
1.02402 0.224602 0.19062 0.405626 0.00377519
1.02503 0.227642 0.181504 0.366141 0.00396579
1.02603 0.230838 0.172645 0.32387 0.00416932
1.02703 0.234196 0.164348 0.280247 0.00437882
1.02803 0.23772 0.15684 0.236901 0.00458645
1.02903 0.241404 0.150256 0.195423 0.0047846
1.03003 0.245241 0.144645 0.157165 0.00496685
1.03103 0.249214 0.139985 0.123122 0.0051285
1.03203 0.253308 0.136215 0.0939088 0.0052667
1.03303 0.257504 0.133246 0.0697647 0.00538044
1.03403 0.261782 0.130976 0.0505725 0.00547043
1.03504 0.266124 0.129291 0.0358949 0.00553892
1.03604 0.270514 0.128075 0.0250577 0.00558923
1.03704 0.27494 0.127217 0.0172814 0.00562516
1.03804 0.27939 0.126623 0.0118145 0.0056503
1.03904 0.283858 0.126215 0.00802225 0.00566765
1.04004 0.288337 0.125937 0.00541453 0.00567953
1.04104 0.292825 0.125749 0.00363305 0.0056876
1.04204 0.297319 0.125622 0.00242302 0.00569304
1.04304 0.301816 0.125536 0.00160557 0.0056967
1.04404 0.306315 0.12548 0.00105603 0.00569913
1.04505 0.310816 0.125442 0.000688163 0.00570074
1.04605 0.315319 0.125418 0.000442753 0.0057018
1.04705 0.319822 0.125402 0.000279446 0.00570249
1.04805 0.324325 0.125391 0.000170934 0.00570293
1.04905 0.328829 0.125385 9.88446e-05 0.00570321
1.05005 0.333333 0.125381 5.0894e-05 0.00570338
1.05105 0.337837 0.125378 1.89142e-05 0.00570348
1.05205 0.342341 0.125377 -2.4901e-06 0.00570354
1.05305 0.346845 0.125376 -1.68578e-05 0.00570357
1.05405 0.35135 0.125376 -2.64966e-05 0.00570359
1.05506 0.355854 0.125375 -3.29061e-05 0.00570359
1.05606 0.360358 0.125375 -3.70433e-05 0.00570359
1.05706 0.364862 0.125375 -3.95119e-05 0.00570359
1.05806 0.369366 0.125375 -4.0732e-05 0.00570359
1.05906 0.373871 0.125375 -4.09849e-05 0.00570359
1.06006 0.378375 0.125375 -4.04621e-05 0.0057036
1.06106 0.382879 0.125375 -3.92977e-05 0.00570361
1.06206 0.387383 0.125375 -3.76088e-05 0.00570362
1.06306 0.391888 0.125374 -3.55362e-05 0.00570363
1.06406 0.396392 0.125374 -3.31615e-05 0.00570365
1.06507 0.400896 0.125374 -3.05532e-05 0.00570367
1.06607 0.4054 0.125373 -2.78289e-05 0.00570369
1.06707 0.409905 0.125373 -2.50676e-05 0.00570371
1.06807 0.414409 0.125372 -2.22891e-05 0.00570373
1.06907 0.418913 0.125372 -1.95771e-05 0.00570376
1.07007 0.423418 0.125371 -1.70185e-05 0.00570378
1.07107 0.427922 0.125371 -1.45904e-05 0.0057038
1.07207 0.432427 0.12537 -1.232e-05 0.00570382
1.07307 0.436931 0.12537 -1.02962e-05 0.00570384
1.07407 0.441435 0.12537 -8.48477e-06 0.00570386
1.07508 0.44594 0.125369 -6.85236e-06 0.00570387
1.07608 0.450444 0.125369 -5.45657e-06 0.00570389
1.07708 0.454949 0.125369 -4.28712e-06 0.0057039
1.07808 0.459453 0.125368 -3.28295e-06 0.00570391
1.07908 0.463958 0.125368 -2.44975e-06 0.00570392
1.08008 0.468462 0.125368 -1.79994e-06 0.00570393
1.08108 0.472967 0.125368 -1.28115e-06 0.00570394
1.08208 0.477471 0.125369 -8.68954e-07 0.00570389
1.08308 0.481976 0.125366 -5.72649e-07 0.005704
1.08408 0.48648 0.125352 -3.61095e-07 0.00570464
1.08509 0.490986 0.125342 -2.09035e-07 0.00570512
1.08609 0.495491 0.125361 -1.1152e-07 0.00570424
1.08709 0.499996 0.125358 -5.47879e-08 0.00570438
